function data()
return {
	times = { 0, 41.667, 83.333, 125, 166.667, 208.333, 250, 291.667, 333.333, 375, 416.667, 458.333, 500, 541.667, 583.333, 625, 666.667, 708.333, 750, 791.667, 833.333, 875, 916.667, 958.333, 1000, 1041.667, 1083.333, 1125, 1166.667, 1208.333, 1250, 1291.667, 1333.333, 1375, 1416.667, 1458.333, 1500, 1541.667, 1583.333, 1625, 1666.667, 1708.333, 1750, 1791.667, 1833.333, 1875, 1916.667, 1958.333, 2000, 2041.667, 2083.333, 2125, 2166.667, 2208.333, 2250, 2291.667, 2333.333, 2375, 2416.667, 2458.333, 2500, 2541.667, 2583.333, 2625, 2666.667, 2708.333, 2750, 2791.667, 2833.333, 2875, 2916.667, 2958.333, 3000, 3041.667, 3083.333, 3125, 3166.667, 3208.333, 3250, 3291.667, 3333.333, 3375, 3416.667, 3458.333, 3500, 3541.667, 3583.333, 3625, 3666.667, 3708.333, 3750, 3791.667, 3833.333, 3875, 3916.667, 3958.333, 4000, 4041.667, 4083.333, 4125, 4166.667, },
	transfs = {
		{ 1, 0, 0, 0, 0, 1, 0, 0, 0, 0, 1, 0, 0, 0, 0, 1, },
		{ 0.99999988079071, 0, 0.00024968929938041, 0, 0, 1, 0, 0, -0.00024968929938041, 0, 0.99999988079071, 0, 0.0055790711194277, 0, -0.0011880493257195, 1, },
		{ 0.99999952316284, 0, 0.0009866839973256, 0, 0, 1, 0, 0, -0.0009866839973256, 0, 0.99999952316284, 0, 0.02020263671875, 0, -0.0023760222829878, 1, },
		{ 0.99999755620956, 0, 0.0021928739733994, 0, 0, 1, 0, 0, -0.0021928739733994, 0, 0.99999755620956, 0, 0.040700681507587, 0, -0.0052972412668169, 1, },
		{ 0.99999260902405, 0, 0.0038501450326294, 0, 0, 1, 0, 0, -0.0038501450326294, 0, 0.99999260902405, 0, 0.063903041183949, 0, -0.0093305967748165, 1, },
		{ 0.99998235702515, 0, 0.0059403767809272, 0, 0, 1, 0, 0, -0.0059403767809272, 0, 0.99998235702515, 0, 0.086639858782291, 0, -0.014443512074649, 1, },
		{ 0.99996429681778, 0, 0.0084467250853777, 0, 0, 1, 0, 0, -0.0084467250853777, 0, 0.99996429681778, 0, 0.10639846324921, 0, -0.020603256300092, 1, },
		{ 0.99993550777435, 0, 0.011357476934791, 0, 0, 1, 0, 0, -0.011357476934791, 0, 0.99993550777435, 0, 0.12329696118832, 0, -0.027777023613453, 1, },
		{ 0.99989247322083, 0, 0.014662179164588, 0, 0, 1, 0, 0, -0.014662179164588, 0, 0.99989247322083, 0, 0.13811202347279, 0, -0.035931318998337, 1, },
		{ 0.99983161687851, 0, 0.018350357189775, 0, 0, 1, 0, 0, -0.018350357189775, 0, 0.99983161687851, 0, 0.15161819756031, 0, -0.045033872127533, 1, },
		{ 0.99974882602692, 0, 0.02241151407361, 0, 0, 1, 0, 0, -0.02241151407361, 0, 0.99974882602692, 0, 0.16459242999554, 0, -0.055051039904356, 1, },
		{ 0.99963992834091, 0, 0.026834087446332, 0, 0, 1, 0, 0, -0.026834087446332, 0, 0.99963992834091, 0, 0.17763502895832, 0, -0.065947718918324, 1, },
		{ 0.99950051307678, 0, 0.031602513045073, 0, 0, 1, 0, 0, -0.031602513045073, 0, 0.99950051307678, 0, 0.19064742326736, 0, -0.077680051326752, 1, },
		{ 0.99932634830475, 0, 0.036700166761875, 0, 0, 1, 0, 0, -0.036700166761875, 0, 0.99932634830475, 0, 0.20335403084755, 0, -0.09020172059536, 1, },
		{ 0.99911296367645, 0, 0.042110353708267, 0, 0, 1, 0, 0, -0.042110353708267, 0, 0.99911296367645, 0, 0.21548171341419, 0, -0.10346603393555, 1, },
		{ 0.99885612726212, 0, 0.047816388309002, 0, 0, 1, 0, 0, -0.047816388309002, 0, 0.99885612726212, 0, 0.22675551474094, 0, -0.11742705851793, 1, },
		{ 0.99855178594589, 0, 0.05379855260253, 0, 0, 1, 0, 0, -0.05379855260253, 0, 0.99855178594589, 0, 0.23695114254951, 0, -0.13203735649586, 1, },
		{ 0.99819684028625, 0, 0.06002538651228, 0, 0, 1, 0, 0, -0.06002538651228, 0, 0.99819684028625, 0, 0.24604599177837, 0, -0.1472450196743, 1, },
		{ 0.99778890609741, 0, 0.066462516784668, 0, 0, 1, 0, 0, -0.066462516784668, 0, 0.99778890609741, 0, 0.25406754016876, 0, -0.16299697756767, 1, },
		{ 0.9973264336586, 0, 0.073075510561466, 0, 0, 1, 0, 0, -0.073075510561466, 0, 0.9973264336586, 0, 0.26104262471199, 0, -0.17924010753632, 1, },
		{ 0.99680840969086, 0, 0.079830028116703, 0, 0, 1, 0, 0, -0.079830028116703, 0, 0.99680840969086, 0, 0.26699873805046, 0, -0.19592124223709, 1, },
		{ 0.99623501300812, 0, 0.086694002151489, 0, 0, 1, 0, 0, -0.086694002151489, 0, 0.99623501300812, 0, 0.27143630385399, 0, -0.21298164129257, 1, },
		{ 0.99560564756393, 0, 0.093644872307777, 0, 0, 1, 0, 0, -0.093644872307777, 0, 0.99560564756393, 0, 0.27587416768074, 0, -0.23033905029297, 1, },
		{ 0.99492061138153, 0, 0.10066235810518, 0, 0, 1, 0, 0, -0.10066235810518, 0, 0.99492061138153, 0, 0.27473768591881, 0, -0.24790541827679, 1, },
		{ 0.99418050050735, 0, 0.10772631317377, 0, 0, 1, 0, 0, -0.10772631317377, 0, 0.99418050050735, 0, 0.2736012339592, 0, -0.26559257507324, 1, },
		{ 0.99338662624359, 0, 0.11481655389071, 0, 0, 1, 0, 0, -0.11481655389071, 0, 0.99338662624359, 0, 0.27246475219727, 0, -0.28331258893013, 1, },
		{ 0.99254083633423, 0, 0.1219125315547, 0, 0, 1, 0, 0, -0.1219125315547, 0, 0.99254083633423, 0, 0.27132827043533, 0, -0.30098524689674, 1, },
		{ 0.99164563417435, 0, 0.12899215519428, 0, 0, 1, 0, 0, -0.12899215519428, 0, 0.99164563417435, 0, 0.2701917886734, 0, -0.31856209039688, 1, },
		{ 0.99070435762405, 0, 0.13603274524212, 0, 0, 1, 0, 0, -0.13603274524212, 0, 0.99070435762405, 0, 0.26905533671379, 0, -0.33600264787674, 1, },
		{ 0.98972088098526, 0, 0.14301204681396, 0, 0, 1, 0, 0, -0.14301204681396, 0, 0.98972088098526, 0, 0.26791885495186, 0, -0.35326635837555, 1, },
		{ 0.98870003223419, 0, 0.14990761876106, 0, 0, 1, 0, 0, -0.14990761876106, 0, 0.98870003223419, 0, 0.26678237318993, 0, -0.37031280994415, 1, },
		{ 0.98764717578888, 0, 0.15669420361519, 0, 0, 1, 0, 0, -0.15669420361519, 0, 0.98764717578888, 0, 0.26080033183098, 0, -0.38709372282028, 1, },
		{ 0.98657077550888, 0, 0.16333444416523, 0, 0, 1, 0, 0, -0.16333444416523, 0, 0.98657077550888, 0, 0.25383743643761, 0, -0.40353119373322, 1, },
		{ 0.98548054695129, 0, 0.16978800296783, 0, 0, 1, 0, 0, -0.16978800296783, 0, 0.98548054695129, 0, 0.24588516354561, 0, -0.41953933238983, 1, },
		{ 0.98438745737076, 0, 0.17601491510868, 0, 0, 1, 0, 0, -0.17601491510868, 0, 0.98438745737076, 0, 0.2369322180748, 0, -0.43503242731094, 1, },
		{ 0.983303129673, 0, 0.18197521567345, 0, 0, 1, 0, 0, -0.18197521567345, 0, 0.983303129673, 0, 0.22697035968304, 0, -0.44992491602898, 1, },
		{ 0.98223930597305, 0, 0.18763247132301, 0, 0, 1, 0, 0, -0.18763247132301, 0, 0.98223930597305, 0, 0.21600753068924, 0, -0.4641327559948, 1, },
		{ 0.98120617866516, 0, 0.19296227395535, 0, 0, 1, 0, 0, -0.19296227395535, 0, 0.98120617866516, 0, 0.20412215590477, 0, -0.47757887840271, 1, },
		{ 0.98021340370178, 0, 0.1979436725378, 0, 0, 1, 0, 0, -0.1979436725378, 0, 0.98021340370178, 0, 0.19141189754009, 0, -0.49018827080727, 1, },
		{ 0.97927069664001, 0, 0.20255565643311, 0, 0, 1, 0, 0, -0.20255565643311, 0, 0.97927069664001, 0, 0.1779722571373, 0, -0.50188559293747, 1, },
		{ 0.97838801145554, 0, 0.20677728950977, 0, 0, 1, 0, 0, -0.20677728950977, 0, 0.97838801145554, 0, 0.16390152275562, 0, -0.51259565353394, 1, },
		{ 0.97757345438004, 0, 0.21059463918209, 0, 0, 1, 0, 0, -0.21059463918209, 0, 0.97757345438004, 0, 0.14928176999092, 0, -0.52226459980011, 1, },
		{ 0.97682893276215, 0, 0.21402165293694, 0, 0, 1, 0, 0, -0.21402165293694, 0, 0.97682893276215, 0, 0.13414351642132, 0, -0.5309242606163, 1, },
		{ 0.97615402936935, 0, 0.21707908809185, 0, 0, 1, 0, 0, -0.21707908809185, 0, 0.97615402936935, 0, 0.11850234866142, 0, -0.53862768411636, 1, },
		{ 0.9755477309227, 0, 0.2197877317667, 0, 0, 1, 0, 0, -0.2197877317667, 0, 0.9755477309227, 0, 0.10237472504377, 0, -0.54542791843414, 1, },
		{ 0.97500830888748, 0, 0.2221681624651, 0, 0, 1, 0, 0, -0.2221681624651, 0, 0.97500830888748, 0, 0.085776820778847, 0, -0.55137807130814, 1, },
		{ 0.97453659772873, 0, 0.22422823309898, 0, 0, 1, 0, 0, -0.22422823309898, 0, 0.97453659772873, 0, 0.068738862872124, 0, -0.55650162696838, 1, },
		{ 0.9741445183754, 0, 0.22592581808567, 0, 0, 1, 0, 0, -0.22592581808567, 0, 0.9741445183754, 0, 0.05134567245841, 0, -0.56070363521576, 1, },
		{ 0.97384667396545, 0, 0.22720612585545, 0, 0, 1, 0, 0, -0.22720612585545, 0, 0.97384667396545, 0, 0.033694609999657, 0, -0.56385934352875, 1, },
		{ 0.97365772724152, 0, 0.2280146330595, 0, 0, 1, 0, 0, -0.2280146330595, 0, 0.97365772724152, 0, 0.015885466709733, 0, -0.56584417819977, 1, },
		{ 0.97365099191666, 0, 0.22804297506809, 0, 0, 1, 0, 0, -0.22804297506809, 0, 0.97365099191666, 0, -0.0019845580682158, 0, -0.56588667631149, 1, },
		{ 0.97364437580109, 0, 0.22807130217552, 0, 0, 1, 0, 0, -0.22807130217552, 0, 0.97364437580109, 0, -0.01981994509697, 0, -0.56592917442322, 1, },
		{ 0.97380179166794, 0, 0.22739851474762, 0, 0, 1, 0, 0, -0.22739851474762, 0, 0.97380179166794, 0, -0.037539672106504, 0, -0.56414741277695, 1, },
		{ 0.97406190633774, 0, 0.22628171741962, 0, 0, 1, 0, 0, -0.22628171741962, 0, 0.97406190633774, 0, -0.055066678673029, 0, -0.56123393774033, 1, },
		{ 0.97442239522934, 0, 0.22472424805164, 0, 0, 1, 0, 0, -0.22472424805164, 0, 0.97442239522934, 0, -0.07232253998518, 0, -0.55723530054092, 1, },
		{ 0.97488033771515, 0, 0.22272935509682, 0, 0, 1, 0, 0, -0.22272935509682, 0, 0.97488033771515, 0, -0.089230038225651, 0, -0.5521976351738, 1, },
		{ 0.97543150186539, 0, 0.22030286490917, 0, 0, 1, 0, 0, -0.22030286490917, 0, 0.97543150186539, 0, -0.10572158545256, 0, -0.54616057872772, 1, },
		{ 0.97606897354126, 0, 0.21746088564396, 0, 0, 1, 0, 0, -0.21746088564396, 0, 0.97606897354126, 0, -0.12177154421806, 0, -0.53913772106171, 1, },
		{ 0.97678506374359, 0, 0.21422183513641, 0, 0, 1, 0, 0, -0.21422183513641, 0, 0.97678506374359, 0, -0.13736312091351, 0, -0.53113609552383, 1, },
		{ 0.97757130861282, 0, 0.21060436964035, 0, 0, 1, 0, 0, -0.21060436964035, 0, 0.97757130861282, 0, -0.15248076617718, 0, -0.52216279506683, 1, },
		{ 0.97841972112656, 0, 0.20662708580494, 0, 0, 1, 0, 0, -0.20662708580494, 0, 0.97841972112656, 0, -0.1671079993248, 0, -0.5122247338295, 1, },
		{ 0.97932231426239, 0, 0.20230628550053, 0, 0, 1, 0, 0, -0.20230628550053, 0, 0.97932231426239, 0, -0.18121398985386, 0, -0.50133794546127, 1, },
		{ 0.98027271032333, 0, 0.19764967262745, 0, 0, 1, 0, 0, -0.19764967262745, 0, 0.98027271032333, 0, -0.1947064101696, 0, -0.48955473303795, 1, },
		{ 0.98126500844955, 0, 0.19266255199909, 0, 0, 1, 0, 0, -0.19266255199909, 0, 0.98126500844955, 0, -0.20747818052769, 0, -0.47693601250648, 1, },
		{ 0.98229312896729, 0, 0.18735040724277, 0, 0, 1, 0, 0, -0.18735040724277, 0, 0.98229312896729, 0, -0.21942199766636, 0, -0.46354314684868, 1, },
		{ 0.9833505153656, 0, 0.18171860277653, 0, 0, 1, 0, 0, -0.18171860277653, 0, 0.9833505153656, 0, -0.23042999207973, 0, -0.44943702220917, 1, },
		{ 0.98442959785461, 0, 0.17577917873859, 0, 0, 1, 0, 0, -0.17577917873859, 0, 0.98442959785461, 0, -0.24041670560837, 0, -0.43467947840691, 1, },
		{ 0.9855180978775, 0, 0.16957005858421, 0, 0, 1, 0, 0, -0.16957005858421, 0, 0.9855180978775, 0, -0.24938170611858, 0, -0.41933447122574, 1, },
		{ 0.98660355806351, 0, 0.1631361246109, 0, 0, 1, 0, 0, -0.1631361246109, 0, 0.98660355806351, 0, -0.25734511017799, 0, -0.40346670150757, 1, },
		{ 0.98767441511154, 0, 0.15652237832546, 0, 0, 1, 0, 0, -0.15652237832546, 0, 0.98767441511154, 0, -0.26432844996452, 0, -0.38714081048965, 1, },
		{ 0.98872017860413, 0, 0.14977398514748, 0, 0, 1, 0, 0, -0.14977398514748, 0, 0.98872017860413, 0, -0.27035185694695, 0, -0.37042120099068, 1, },
		{ 0.98973268270493, 0, 0.14293092489243, 0, 0, 1, 0, 0, -0.14293092489243, 0, 0.98973268270493, 0, -0.27542129158974, 0, -0.3533733189106, 1, },
		{ 0.990707218647, 0, 0.13601119816303, 0, 0, 1, 0, 0, -0.13601119816303, 0, 0.990707218647, 0, -0.2789454460144, 0, -0.33606505393982, 1, },
		{ 0.99164098501205, 0, 0.12902742624283, 0, 0, 1, 0, 0, -0.12902742624283, 0, 0.99164098501205, 0, -0.28246948122978, 0, -0.31856507062912, 1, },
		{ 0.99253106117249, 0, 0.12199212610722, 0, 0, 1, 0, 0, -0.12199212610722, 0, 0.99253106117249, 0, -0.28140059113503, 0, -0.30094200372696, 1, },
		{ 0.99337494373322, 0, 0.11491818726063, 0, 0, 1, 0, 0, -0.11491818726063, 0, 0.99337494373322, 0, -0.28033173084259, 0, -0.28326416015625, 1, },
		{ 0.99417024850845, 0, 0.1078215688467, 0, 0, 1, 0, 0, -0.1078215688467, 0, 0.99417024850845, 0, -0.27926284074783, 0, -0.26559913158417, 1, },
		{ 0.99491363763809, 0, 0.10073179006577, 0, 0, 1, 0, 0, -0.10073179006577, 0, 0.99491363763809, 0, -0.27819395065308, 0, -0.24800948798656, 1, },
		{ 0.99560219049454, 0, 0.093681633472443, 0, 0, 1, 0, 0, -0.093681633472443, 0, 0.99560219049454, 0, -0.27712509036064, 0, -0.23055693507195, 1, },
		{ 0.9962340593338, 0, 0.086704030632973, 0, 0, 1, 0, 0, -0.086704030632973, 0, 0.9962340593338, 0, -0.27605620026588, 0, -0.21330291032791, 1, },
		{ 0.99680835008621, 0, 0.0798319876194, 0, 0, 1, 0, 0, -0.0798319876194, 0, 0.99680835008621, 0, -0.27108734846115, 0, -0.19630858302116, 1, },
		{ 0.99732482433319, 0, 0.073096141219139, 0, 0, 1, 0, 0, -0.073096141219139, 0, 0.99732482433319, 0, -0.26503309607506, 0, -0.17963500320911, 1, },
		{ 0.99778527021408, 0, 0.066517382860184, 0, 0, 1, 0, 0, -0.066517382860184, 0, 0.99778527021408, 0, -0.25790023803711, 0, -0.16334091126919, 1, },
		{ 0.99819141626358, 0, 0.060114275664091, 0, 0, 1, 0, 0, -0.060114275664091, 0, 0.99819141626358, 0, -0.24969375133514, 0, -0.1474839001894, 1, },
		{ 0.99854600429535, 0, 0.053905304521322, 0, 0, 1, 0, 0, -0.053905304521322, 0, 0.99854600429535, 0, -0.24042022228241, 0, -0.13212203979492, 1, },
		{ 0.99885165691376, 0, 0.047908917069435, 0, 0, 1, 0, 0, -0.047908917069435, 0, 0.99885165691376, 0, -0.23008559644222, 0, -0.11731322854757, 1, },
		{ 0.99911141395569, 0, 0.042146995663643, 0, 0, 1, 0, 0, -0.042146995663643, 0, 0.99911141395569, 0, -0.21873565018177, 0, -0.10312003642321, 1, },
		{ 0.99932795763016, 0, 0.03665517270565, 0, 0, 1, 0, 0, -0.03665517270565, 0, 0.99932795763016, 0, -0.20657882094383, 0, -0.089624479413033, 1, },
		{ 0.99950462579727, 0, 0.03147242218256, 0, 0, 1, 0, 0, -0.03147242218256, 0, 0.99950462579727, 0, -0.19386260211468, 0, -0.076912611722946, 1, },
		{ 0.99964511394501, 0, 0.026637751609087, 0, 0, 1, 0, 0, -0.026637751609087, 0, 0.99964511394501, 0, -0.18083465099335, 0, -0.065071411430836, 1, },
		{ 0.99975371360779, 0, 0.02219008654356, 0, 0, 1, 0, 0, -0.02219008654356, 0, 0.99975371360779, 0, -0.16774368286133, 0, -0.054187010973692, 1, },
		{ 0.99983501434326, 0, 0.018159782513976, 0, 0, 1, 0, 0, -0.018159782513976, 0, 0.99983501434326, 0, -0.15466521680355, 0, -0.04432662948966, 1, },
		{ 0.99989426136017, 0, 0.014542910270393, 0, 0, 1, 0, 0, -0.014542910270393, 0, 0.99989426136017, 0, -0.14098830521107, 0, -0.035479888319969, 1, },
		{ 0.99993580579758, 0, 0.01132695004344, 0, 0, 1, 0, 0, -0.01132695004344, 0, 0.99993580579758, 0, -0.12593093514442, 0, -0.027616577222943, 1, },
		{ 0.99996381998062, 0, 0.0084993345662951, 0, 0, 1, 0, 0, -0.0084993345662951, 0, 0.99996381998062, 0, -0.10870955884457, 0, -0.020706862211227, 1, },
		{ 0.99998170137405, 0, 0.0060474709607661, 0, 0, 1, 0, 0, -0.0060474709607661, 0, 0.99998170137405, 0, -0.08854217082262, 0, -0.014721221290529, 1, },
		{ 0.99999213218689, 0, 0.0039668884128332, 0, 0, 1, 0, 0, -0.0039668884128332, 0, 0.99999213218689, 0, -0.065317079424858, 0, -0.0096485139802098, 1, },
		{ 0.99999737739563, 0, 0.0022856581490487, 0, 0, 1, 0, 0, -0.0022856581490487, 0, 0.99999737739563, 0, -0.041606292128563, 0, -0.0055549619719386, 1, },
		{ 0.99999940395355, 0, 0.0010399735765532, 0, 0, 1, 0, 0, -0.0010399735765532, 0, 0.99999940395355, 0, -0.020654143765569, 0, -0.0025257873348892, 1, },
		{ 0.99999988079071, 0, 0.00026602495927364, 0, 0, 1, 0, 0, -0.00026602495927364, 0, 0.99999988079071, 0, -0.0057040401734412, 0, -0.0012628936674446, 1, },
		{ 1, 0, 0, 0, 0, 1, 0, 0, 0, 0, 1, 0, 0, 0, 0, 1, },
	},
}
end
