function data()
return {
	times = { 0, 41.667, 83.333, 125, 166.667, 208.333, 250, 291.667, 333.333, 375, 416.667, 458.333, 500, 541.667, 583.333, 625, 666.667, 708.333, 750, 791.667, 833.333, 875, 916.667, 958.333, 1000, 1041.667, 1083.333, 1125, 1166.667, 1208.333, 1250, 1291.667, 1333.333, 1375, 1416.667, 1458.333, 1500, 1541.667, 1583.333, 1625, 1666.667, 1708.333, 1750, 1791.667, 1833.333, 1875, 1916.667, 1958.333, 2000, 2041.667, 2083.333, 2125, 2166.667, 2208.333, 2250, 2291.667, 2333.333, 2375, 2416.667, 2458.333, 2500, 2541.667, 2583.333, 2625, 2666.667, 2708.333, 2750, 2791.667, 2833.333, 2875, 2916.667, 2958.333, 3000, 3041.667, 3083.333, 3125, 3166.667, 3208.333, 3250, 3291.667, 3333.333, 3375, 3416.667, 3458.333, 3500, 3541.667, 3583.333, 3625, 3666.667, 3708.333, 3750, 3791.667, 3833.333, 3875, 3916.667, 3958.333, 4000, 4041.667, 4083.333, 4125, 4166.667, },
	transfs = {
		{ 1, 0, 0, 0, 0, 1, 0, 0, 0, 0, 1, 0, 0, 0, 0, 1, },
		{ 0.99999821186066, 0, 0.001862334436737, 0, 0, 1, 0, 0, -0.001862334436737, 0, 0.99999821186066, 0, -0.0018548583611846, 0, -0.0025505064986646, 1, },
		{ 0.9999772310257, 0, 0.0067508909851313, 0, 0, 1, 0, 0, -0.0067508909851313, 0, 0.9999772310257, 0, -0.003710021963343, 0, -0.0092194359749556, 1, },
		{ 0.99990719556808, 0, 0.013617801479995, 0, 0, 1, 0, 0, -0.013617801479995, 0, 0.99990719556808, 0, -0.005564880091697, 0, -0.018532637506723, 1, },
		{ 0.99977070093155, 0, 0.021414933726192, 0, 0, 1, 0, 0, -0.021414933726192, 0, 0.99977070093155, 0, -0.0094000240787864, 0, -0.029016265645623, 1, },
		{ 0.99957668781281, 0, 0.029094299301505, 0, 0, 1, 0, 0, -0.029094299301505, 0, 0.99957668781281, 0, -0.013235168531537, 0, -0.039196394383907, 1, },
		{ 0.99935775995255, 0, 0.035833239555359, 0, 0, 1, 0, 0, -0.035833239555359, 0, 0.99935775995255, 0, -0.017629088833928, 0, -0.047905120998621, 1, },
		{ 0.99912983179092, 0, 0.041708435863256, 0, 0, 1, 0, 0, -0.041708435863256, 0, 0.99912983179092, 0, -0.022023314610124, 0, -0.055199202150106, 1, },
		{ 0.9988939166069, 0, 0.047021213918924, 0, 0, 1, 0, 0, -0.047021213918924, 0, 0.9988939166069, 0, -0.027004698291421, 0, -0.0614418014884, 1, },
		{ 0.99864321947098, 0, 0.052072647958994, 0, 0, 1, 0, 0, -0.052072647958994, 0, 0.99864321947098, 0, -0.031986083835363, 0, -0.066995926201344, 1, },
		{ 0.99836474657059, 0, 0.057163573801517, 0, 0, 1, 0, 0, -0.057163573801517, 0, 0.99836474657059, 0, -0.037563171237707, 0, -0.072224497795105, 1, },
		{ 0.99804371595383, 0, 0.062519259750843, 0, 0, 1, 0, 0, -0.062519259750843, 0, 0.99804371595383, 0, -0.043599545955658, 0, -0.077415160834789, 1, },
		{ 0.99768096208572, 0, 0.06806393712759, 0, 0, 1, 0, 0, -0.06806393712759, 0, 0.99768096208572, 0, -0.050055235624313, 0, -0.082554697990417, 1, },
		{ 0.99728441238403, 0, 0.073646672070026, 0, 0, 1, 0, 0, -0.073646672070026, 0, 0.99728441238403, 0, -0.056870114058256, 0, -0.087554089725018, 1, },
		{ 0.99686533212662, 0, 0.079116895794868, 0, 0, 1, 0, 0, -0.079116895794868, 0, 0.99686533212662, 0, -0.063983149826527, 0, -0.092324905097485, 1, },
		{ 0.99643832445145, 0, 0.084324061870575, 0, 0, 1, 0, 0, -0.084324061870575, 0, 0.99643832445145, 0, -0.071334227919579, 0, -0.096778184175491, 1, },
		{ 0.99601715803146, 0, 0.089161477982998, 0, 0, 1, 0, 0, -0.089161477982998, 0, 0.99601715803146, 0, -0.078871302306652, 0, -0.10081031918526, 1, },
		{ 0.99560087919235, 0, 0.093695655465126, 0, 0, 1, 0, 0, -0.093695655465126, 0, 0.99560087919235, 0, -0.086575165390968, 0, -0.10425758361816, 1, },
		{ 0.9951828122139, 0, 0.098036356270313, 0, 0, 1, 0, 0, -0.098036356270313, 0, 0.9951828122139, 0, -0.094435572624207, 0, -0.10694122314453, 1, },
		{ 0.99475431442261, 0, 0.10229309648275, 0, 0, 1, 0, 0, -0.10229309648275, 0, 0.99475431442261, 0, -0.10244186222553, 0, -0.1086824759841, 1, },
		{ 0.99430465698242, 0, 0.10657534003258, 0, 0, 1, 0, 0, -0.10657534003258, 0, 0.99430465698242, 0, -0.11058273166418, 0, -0.10853026807308, 1, },
		{ 0.99382483959198, 0, 0.11096021533012, 0, 0, 1, 0, 0, -0.11096021533012, 0, 0.99382483959198, 0, -0.11884124577045, 0, -0.10837806761265, 1, },
		{ 0.99331951141357, 0, 0.11539652198553, 0, 0, 1, 0, 0, -0.11539652198553, 0, 0.99331951141357, 0, -0.12717345356941, 0, -0.10822585970163, 1, },
		{ 0.9927978515625, 0, 0.11980128288269, 0, 0, 1, 0, 0, -0.11980128288269, 0, 0.9927978515625, 0, -0.13552810251713, 0, -0.10807357728481, 1, },
		{ 0.99227076768875, 0, 0.12409161776304, 0, 0, 1, 0, 0, -0.12409161776304, 0, 0.99227076768875, 0, -0.14385421574116, 0, -0.1079213693738, 1, },
		{ 0.99175029993057, 0, 0.12818488478661, 0, 0, 1, 0, 0, -0.12818488478661, 0, 0.99175029993057, 0, -0.15210036933422, 0, -0.10776916146278, 1, },
		{ 0.9912474155426, 0, 0.13201667368412, 0, 0, 1, 0, 0, -0.13201667368412, 0, 0.9912474155426, 0, -0.16022017598152, 0, -0.10761695355177, 1, },
		{ 0.9907643198967, 0, 0.13559508323669, 0, 0, 1, 0, 0, -0.13559508323669, 0, 0.9907643198967, 0, -0.16818465292454, 0, -0.1056889295578, 1, },
		{ 0.99029988050461, 0, 0.13894654810429, 0, 0, 1, 0, 0, -0.13894654810429, 0, 0.99029988050461, 0, -0.17596709728241, 0, -0.10296630859375, 1, },
		{ 0.98985266685486, 0, 0.14209717512131, 0, 0, 1, 0, 0, -0.14209717512131, 0, 0.98985266685486, 0, -0.18354278802872, 0, -0.099615477025509, 1, },
		{ 0.98942089080811, 0, 0.14507326483727, 0, 0, 1, 0, 0, -0.14507326483727, 0, 0.98942089080811, 0, -0.19088608026505, 0, -0.095802918076515, 1, },
		{ 0.98900401592255, 0, 0.14788845181465, 0, 0, 1, 0, 0, -0.14788845181465, 0, 0.98900401592255, 0, -0.19797378778458, 0, -0.091662898659706, 1, },
		{ 0.98860895633698, 0, 0.15050685405731, 0, 0, 1, 0, 0, -0.15050685405731, 0, 0.98860895633698, 0, -0.20479018986225, 0, -0.087200999259949, 1, },
		{ 0.98824471235275, 0, 0.15288019180298, 0, 0, 1, 0, 0, -0.15288019180298, 0, 0.98824471235275, 0, -0.21132293343544, 0, -0.082390822470188, 1, },
		{ 0.98792070150375, 0, 0.15496011078358, 0, 0, 1, 0, 0, -0.15496011078358, 0, 0.98792070150375, 0, -0.21755766868591, 0, -0.077205881476402, 1, },
		{ 0.98764646053314, 0, 0.1566985398531, 0, 0, 1, 0, 0, -0.1566985398531, 0, 0.98764646053314, 0, -0.22348189353943, 0, -0.071619413793087, 1, },
		{ 0.98742938041687, 0, 0.15806064009666, 0, 0, 1, 0, 0, -0.15806064009666, 0, 0.98742938041687, 0, -0.22908218204975, 0, -0.065615311264992, 1, },
		{ 0.98726814985275, 0, 0.15906485915184, 0, 0, 1, 0, 0, -0.15906485915184, 0, 0.98726814985275, 0, -0.2343447804451, 0, -0.059217605739832, 1, },
		{ 0.98715859651566, 0, 0.15974296629429, 0, 0, 1, 0, 0, -0.15974296629429, 0, 0.98715859651566, 0, -0.23925642669201, 0, -0.052460476756096, 1, },
		{ 0.9870964884758, 0, 0.16012662649155, 0, 0, 1, 0, 0, -0.16012662649155, 0, 0.9870964884758, 0, -0.24361327290535, 0, -0.045378264039755, 1, },
		{ 0.98707687854767, 0, 0.16024750471115, 0, 0, 1, 0, 0, -0.16024750471115, 0, 0.98707687854767, 0, -0.24797011911869, 0, -0.038005065172911, 1, },
		{ 0.98719048500061, 0, 0.15954603254795, 0, 0, 1, 0, 0, -0.15954603254795, 0, 0.98719048500061, 0, -0.25145384669304, 0, -0.030377272516489, 1, },
		{ 0.98751419782639, 0, 0.15752980113029, 0, 0, 1, 0, 0, -0.15752980113029, 0, 0.98751419782639, 0, -0.25493744015694, 0, -0.022538909688592, 1, },
		{ 0.98801922798157, 0, 0.15433058142662, 0, 0, 1, 0, 0, -0.15433058142662, 0, 0.98801922798157, 0, -0.25658813118935, 0, -0.014536132104695, 1, },
		{ 0.98867386579514, 0, 0.15007987618446, 0, 0, 1, 0, 0, -0.15007987618446, 0, 0.98867386579514, 0, -0.25823897123337, 0, -0.006415176205337, 1, },
		{ 0.98944503068924, 0, 0.14490881562233, 0, 0, 1, 0, 0, -0.14490881562233, 0, 0.98944503068924, 0, -0.25988966226578, 0, 0.0017780303023756, 1, },
		{ 0.99029821157455, 0, 0.13895839452744, 0, 0, 1, 0, 0, -0.13895839452744, 0, 0.99029821157455, 0, -0.25923645496368, 0, 0.010001297108829, 1, },
		{ 0.99119526147842, 0, 0.13240836560726, 0, 0, 1, 0, 0, -0.13240836560726, 0, 0.99119526147842, 0, -0.25858306884766, 0, 0.018228530883789, 1, },
		{ 0.99210011959076, 0, 0.12544848024845, 0, 0, 1, 0, 0, -0.12544848024845, 0, 0.99210011959076, 0, -0.25792983174324, 0, 0.026437912136316, 1, },
		{ 0.9929815530777, 0, 0.1182694658637, 0, 0, 1, 0, 0, -0.1182694658637, 0, 0.9929815530777, 0, -0.25727659463882, 0, 0.034607239067554, 1, },
		{ 0.99381339550018, 0, 0.11106263846159, 0, 0, 1, 0, 0, -0.11106263846159, 0, 0.99381339550018, 0, -0.25662338733673, 0, 0.042714536190033, 1, },
		{ 0.99458378553391, 0, 0.10393733531237, 0, 0, 1, 0, 0, -0.10393733531237, 0, 0.99458378553391, 0, -0.25597015023232, 0, 0.050737380981445, 1, },
		{ 0.99531626701355, 0, 0.096672512590885, 0, 0, 1, 0, 0, -0.096672512590885, 0, 0.99531626701355, 0, -0.25531676411629, 0, 0.05865066498518, 1, },
		{ 0.99603486061096, 0, 0.088963717222214, 0, 0, 1, 0, 0, -0.088963717222214, 0, 0.99603486061096, 0, -0.25466352701187, 0, 0.066428832709789, 1, },
		{ 0.99675410985947, 0, 0.080505765974522, 0, 0, 1, 0, 0, -0.080505765974522, 0, 0.99675410985947, 0, -0.25086197257042, 0, 0.074046708643436, 1, },
		{ 0.99747681617737, 0, 0.070992603898048, 0, 0, 1, 0, 0, -0.070992603898048, 0, 0.99747681617737, 0, -0.24706038832664, 0, 0.081478573381901, 1, },
		{ 0.99818277359009, 0, 0.060258280485868, 0, 0, 1, 0, 0, -0.060258280485868, 0, 0.99818277359009, 0, -0.24272552132607, 0, 0.088695980608463, 1, },
		{ 0.99881345033646, 0, 0.048699196428061, 0, 0, 1, 0, 0, -0.048699196428061, 0, 0.99881345033646, 0, -0.2383908033371, 0, 0.095657654106617, 1, },
		{ 0.99932068586349, 0, 0.036854103207588, 0, 0, 1, 0, 0, -0.036854103207588, 0, 0.99932068586349, 0, -0.23366270959377, 0, 0.10232040286064, 1, },
		{ 0.99968081712723, 0, 0.025263108313084, 0, 0, 1, 0, 0, -0.025263108313084, 0, 0.99968081712723, 0, -0.22858749330044, 0, 0.10863959789276, 1, },
		{ 0.99989527463913, 0, 0.014467056840658, 0, 0, 1, 0, 0, -0.014467056840658, 0, 0.99989527463913, 0, -0.22310042381287, 0, 0.11457191407681, 1, },
		{ 0.99998813867569, 0, 0.0048723602667451, 0, 0, 1, 0, 0, -0.0048723602667451, 0, 0.99998813867569, 0, -0.21715712547302, 0, 0.12008735537529, 1, },
		{ 0.99999326467514, 0, -0.0036528403870761, 0, 0, 1, 0, 0, 0.0036528403870761, 0, 0.99999326467514, 0, -0.21078719198704, 0, 0.12521301209927, 1, },
		{ 0.99993526935577, 0, -0.011375398375094, 0, 0, 1, 0, 0, 0.011375398375094, 0, 0.99993526935577, 0, -0.20403732359409, 0, 0.12999008595943, 1, },
		{ 0.99982768297195, 0, -0.018562456592917, 0, 0, 1, 0, 0, 0.018562456592917, 0, 0.99982768297195, 0, -0.19695617258549, 0, 0.13446006178856, 1, },
		{ 0.99967521429062, 0, -0.025481248274446, 0, 0, 1, 0, 0, 0.025481248274446, 0, 0.99967521429062, 0, -0.18959151208401, 0, 0.13866424560547, 1, },
		{ 0.99947720766068, 0, -0.032331898808479, 0, 0, 1, 0, 0, 0.032331898808479, 0, 0.99947720766068, 0, -0.18199004232883, 0, 0.14259742200375, 1, },
		{ 0.99923741817474, 0, -0.039046239107847, 0, 0, 1, 0, 0, 0.039046239107847, 0, 0.99923741817474, 0, -0.1741928011179, 0, 0.14606903493404, 1, },
		{ 0.99896478652954, 0, -0.045489199459553, 0, 0, 1, 0, 0, 0.045489199459553, 0, 0.99896478652954, 0, -0.16623932123184, 0, 0.14884215593338, 1, },
		{ 0.99867165088654, 0, -0.05152589827776, 0, 0, 1, 0, 0, 0.05152589827776, 0, 0.99867165088654, 0, -0.15816985070705, 0, 0.15009352564812, 1, },
		{ 0.99837285280228, 0, -0.05702168494463, 0, 0, 1, 0, 0, 0.05702168494463, 0, 0.99837285280228, 0, -0.15002426505089, 0, 0.15134498476982, 1, },
		{ 0.99808436632156, 0, -0.06186718121171, 0, 0, 1, 0, 0, 0.06186718121171, 0, 0.99808436632156, 0, -0.14183792471886, 0, 0.15091086924076, 1, },
		{ 0.99781602621078, 0, -0.066053479909897, 0, 0, 1, 0, 0, 0.066053479909897, 0, 0.99781602621078, 0, -0.1336305141449, 0, 0.15047682821751, 1, },
		{ 0.99757516384125, 0, -0.069596789777279, 0, 0, 1, 0, 0, 0.069596789777279, 0, 0.99757516384125, 0, -0.1254168599844, 0, 0.15004272758961, 1, },
		{ 0.99736738204956, 0, -0.072513267397881, 0, 0, 1, 0, 0, 0.072513267397881, 0, 0.99736738204956, 0, -0.11721282452345, 0, 0.14960868656635, 1, },
		{ 0.99719715118408, 0, -0.074818983674049, 0, 0, 1, 0, 0, 0.074818983674049, 0, 0.99719715118408, 0, -0.10903335362673, 0, 0.14917457103729, 1, },
		{ 0.99706649780273, 0, -0.076540261507034, 0, 0, 1, 0, 0, 0.076540261507034, 0, 0.99706649780273, 0, -0.10089828073978, 0, 0.14874053001404, 1, },
		{ 0.99697327613831, 0, -0.077744290232658, 0, 0, 1, 0, 0, 0.077744290232658, 0, 0.99697327613831, 0, -0.09284545481205, 0, 0.14830642938614, 1, },
		{ 0.99691337347031, 0, -0.07850856333971, 0, 0, 1, 0, 0, 0.07850856333971, 0, 0.99691337347031, 0, -0.08491638302803, 0, 0.14543586969376, 1, },
		{ 0.99688172340393, 0, -0.078910388052464, 0, 0, 1, 0, 0, 0.078910388052464, 0, 0.99688172340393, 0, -0.077153474092484, 0, 0.141891092062, 1, },
		{ 0.99687248468399, 0, -0.07902717590332, 0, 0, 1, 0, 0, 0.07902717590332, 0, 0.99687248468399, 0, -0.069598540663719, 0, 0.13790939748287, 1, },
		{ 0.99690061807632, 0, -0.078671485185623, 0, 0, 1, 0, 0, 0.078671485185623, 0, 0.99690061807632, 0, -0.062293089926243, 0, 0.13367758691311, 1, },
		{ 0.99698126316071, 0, -0.077642098069191, 0, 0, 1, 0, 0, 0.077642098069191, 0, 0.99698126316071, 0, -0.055278319865465, 0, 0.12918494641781, 1, },
		{ 0.99710810184479, 0, -0.075995482504368, 0, 0, 1, 0, 0, 0.075995482504368, 0, 0.99710810184479, 0, -0.048594664782286, 0, 0.12437149137259, 1, },
		{ 0.99727392196655, 0, -0.073788031935692, 0, 0, 1, 0, 0, 0.073788031935692, 0, 0.99727392196655, 0, -0.042281799018383, 0, 0.11917708814144, 1, },
		{ 0.99747085571289, 0, -0.071076154708862, 0, 0, 1, 0, 0, 0.071076154708862, 0, 0.99747085571289, 0, -0.036380615085363, 0, 0.11354148387909, 1, },
		{ 0.99769055843353, 0, -0.067922800779343, 0, 0, 1, 0, 0, 0.067922800779343, 0, 0.99769055843353, 0, -0.030917968600988, 0, 0.10743568092585, 1, },
		{ 0.99792301654816, 0, -0.064417280256748, 0, 0, 1, 0, 0, 0.064417280256748, 0, 0.99792301654816, 0, -0.026050109416246, 0, 0.10095618665218, 1, },
		{ 0.99815875291824, 0, -0.060655571520329, 0, 0, 1, 0, 0, 0.060655571520329, 0, 0.99815875291824, 0, -0.021182250231504, 0, 0.094230271875858, 1, },
		{ 0.99838936328888, 0, -0.05673373863101, 0, 0, 1, 0, 0, 0.05673373863101, 0, 0.99838936328888, 0, -0.016969298943877, 0, 0.087385401129723, 1, },
		{ 0.99860781431198, 0, -0.05274797976017, 0, 0, 1, 0, 0, 0.05274797976017, 0, 0.99860781431198, 0, -0.012756042182446, 0, 0.080548703670502, 1, },
		{ 0.99881160259247, 0, -0.048737313598394, 0, 0, 1, 0, 0, 0.048737313598394, 0, 0.99881160259247, 0, -0.0091940304264426, 0, 0.07376991212368, 1, },
		{ 0.99900877475739, 0, -0.044511862099171, 0, 0, 1, 0, 0, 0.044511862099171, 0, 0.99900877475739, 0, -0.005632019136101, 0, 0.06678482145071, 1, },
		{ 0.99920666217804, 0, -0.039824314415455, 0, 0, 1, 0, 0, 0.039824314415455, 0, 0.99920666217804, 0, -0.0038607786409557, 0, 0.059251859784126, 1, },
		{ 0.99940717220306, 0, -0.034427218139172, 0, 0, 1, 0, 0, 0.034427218139172, 0, 0.99940717220306, 0, -0.0020892333704978, 0, 0.050828780978918, 1, },
		{ 0.9996058344841, 0, -0.028073007240891, 0, 0, 1, 0, 0, 0.028073007240891, 0, 0.9996058344841, 0, -0.00031799316639081, 0, 0.041173934936523, 1, },
		{ 0.99978512525558, 0, -0.020727664232254, 0, 0, 1, 0, 0, 0.020727664232254, 0, 0.99978512525558, 0, -0.00025451660621911, 0, 0.030245436355472, 1, },
		{ 0.99991273880005, 0, -0.013212298043072, 0, 0, 1, 0, 0, 0.013212298043072, 0, 0.99991273880005, 0, -0.00019073486328125, 0, 0.019203567877412, 1, },
		{ 0.99997848272324, 0, -0.0065622772090137, 0, 0, 1, 0, 0, 0.0065622772090137, 0, 0.99997848272324, 0, -0.00012725830310956, 0, 0.0095084374770522, 1, },
		{ 0.99999833106995, 0, -0.0018130858661607, 0, 0, 1, 0, 0, 0.0018130858661607, 0, 0.99999833106995, 0, -6.3476560171694e-05, 0, 0.0026204681489617, 1, },
		{ 1, 0, 0, 0, 0, 1, 0, 0, 0, 0, 1, 0, 0, 0, 0, 1, },
	},
}
end
