function data()
return {
	times = { 0, 41.667, 83.333, 125, 166.667, 208.333, 250, 291.667, 333.333, 375, 416.667, 458.333, 500, 541.667, 583.333, 625, 666.667, 708.333, 750, 791.667, 833.333, 875, 916.667, 958.333, 1000, 1041.667, 1083.333, 1125, 1166.667, 1208.333, 1250, 1291.667, 1333.333, 1375, 1416.667, 1458.333, 1500, 1541.667, 1583.333, 1625, 1666.667, 1708.333, 1750, 1791.667, 1833.333, 1875, 1916.667, 1958.333, 2000, 2041.667, 2083.333, 2125, 2166.667, 2208.333, 2250, 2291.667, 2333.333, 2375, 2416.667, 2458.333, 2500, 2541.667, 2583.333, 2625, 2666.667, 2708.333, 2750, 2791.667, 2833.333, 2875, 2916.667, 2958.333, 3000, 3041.667, 3083.333, 3125, 3166.667, 3208.333, 3250, 3291.667, 3333.333, 3375, 3416.667, 3458.333, 3500, 3541.667, 3583.333, 3625, 3666.667, 3708.333, 3750, 3791.667, 3833.333, 3875, 3916.667, 3958.333, 4000, 4041.667, 4083.333, 4125, 4166.667, },
	transfs = {
		{ 1, 0, -1.862645149231e-09, 0, 0, 1, 0, 0, 1.862645149231e-09, 0, 1, 0, 0, -7.6293943607197e-08, 0, 1, },
		{ 0.99999856948853, 0, 0.0016554724425077, 0, 0, 1, 0, 0, -0.0016554724425077, 0, 0.99999856948853, 0, -0.00062866212101653, -7.6293943607197e-08, -0.0026533508207649, 1, },
		{ 0.99998182058334, 0, 0.0060400869697332, 0, 0, 1, 0, 0, -0.0060400869697332, 0, 0.99998182058334, 0, -0.0011373901506886, -7.6293943607197e-08, -0.0095935054123402, 1, },
		{ 0.99992454051971, 0, 0.012280934490263, 0, 0, 1, 0, 0, -0.012280934490263, 0, 0.99992454051971, 0, -0.0015679930802435, -7.6293943607197e-08, -0.019349211826921, 1, },
		{ 0.99980968236923, 0, 0.019504930824041, 0, 0, 1, 0, 0, -0.019504930824041, 0, 0.99980968236923, 0, -0.0019607543945313, -7.6293943607197e-08, -0.030449904501438, 1, },
		{ 0.99963974952698, 0, 0.026838984340429, 0, 0, 1, 0, 0, -0.026838984340429, 0, 0.99963974952698, 0, -0.0023571776691824, -7.6293943607197e-08, -0.041424483060837, 1, },
		{ 0.99943578243256, 0, 0.03358544036746, 0, 0, 1, 0, 0, -0.03358544036746, 0, 0.99943578243256, 0, -0.0027893066871911, -7.6293943607197e-08, -0.051105346530676, 1, },
		{ 0.99920976161957, 0, 0.039747137576342, 0, 0, 1, 0, 0, -0.039747137576342, 0, 0.99920976161957, 0, -0.0032565307337791, -7.6293943607197e-08, -0.059540327638388, 1, },
		{ 0.99896425008774, 0, 0.045501910150051, 0, 0, 1, 0, 0, -0.045501910150051, 0, 0.99896425008774, 0, -0.0037484739441425, -7.6293943607197e-08, -0.067080460488796, 1, },
		{ 0.99869722127914, 0, 0.051027495414019, 0, 0, 1, 0, 0, -0.051027495414019, 0, 0.99869722127914, 0, -0.0070703122764826, -7.6293943607197e-08, -0.074155502021313, 1, },
		{ 0.99840247631073, 0, 0.056501507759094, 0, 0, 1, 0, 0, -0.056501507759094, 0, 0.99840247631073, 0, -0.010397338308394, -7.6293943607197e-08, -0.081037975847721, 1, },
		{ 0.99807214736938, 0, 0.06206501275301, 0, 0, 1, 0, 0, -0.06206501275301, 0, 0.99807214736938, 0, -0.014535827562213, -7.6293943607197e-08, -0.088020630180836, 1, },
		{ 0.99770474433899, 0, 0.067713692784309, 0, 0, 1, 0, 0, -0.067713692784309, 0, 0.99770474433899, 0, -0.018673401325941, -7.6293943607197e-08, -0.095025636255741, 1, },
		{ 0.99730211496353, 0, 0.073406934738159, 0, 0, 1, 0, 0, -0.073406934738159, 0, 0.99730211496353, 0, -0.023347472772002, -7.6293943607197e-08, -0.10193153470755, 1, },
		{ 0.99686634540558, 0, 0.079104140400887, 0, 0, 1, 0, 0, -0.079104140400887, 0, 0.99686634540558, 0, -0.028382567688823, -7.6293943607197e-08, -0.10859702527523, 1, },
		{ 0.99640095233917, 0, 0.084764815866947, 0, 0, 1, 0, 0, -0.084764815866947, 0, 0.99640095233917, 0, -0.033783569931984, -7.6293943607197e-08, -0.11488601565361, 1, },
		{ 0.99590986967087, 0, 0.090352028608322, 0, 0, 1, 0, 0, -0.090352028608322, 0, 0.99590986967087, 0, -0.03955078125, -7.6293943607197e-08, -0.12069480866194, 1, },
		{ 0.99539643526077, 0, 0.095842979848385, 0, 0, 1, 0, 0, -0.095842979848385, 0, 0.99539643526077, 0, -0.045672301203012, -7.6293943607197e-08, -0.1260511726141, 1, },
		{ 0.99486422538757, 0, 0.10121849924326, 0, 0, 1, 0, 0, -0.10121849924326, 0, 0.99486422538757, 0, -0.052133481949568, -7.6293943607197e-08, -0.1310153901577, 1, },
		{ 0.99431705474854, 0, 0.10645940154791, 0, 0, 1, 0, 0, -0.10645940154791, 0, 0.99431705474854, 0, -0.058920286595821, -7.6293943607197e-08, -0.13564804196358, 1, },
		{ 0.99375915527344, 0, 0.11154651641846, 0, 0, 1, 0, 0, -0.11154651641846, 0, 0.99375915527344, 0, -0.066017761826515, -7.6293943607197e-08, -0.1400093883276, 1, },
		{ 0.99319416284561, 0, 0.11647053807974, 0, 0, 1, 0, 0, -0.11647053807974, 0, 0.99319416284561, 0, -0.073404997587204, -7.6293943607197e-08, -0.14411483705044, 1, },
		{ 0.99262064695358, 0, 0.12126064300537, 0, 0, 1, 0, 0, -0.12126064300537, 0, 0.99262064695358, 0, -0.081035919487476, -7.6293943607197e-08, -0.14779829978943, 1, },
		{ 0.99203586578369, 0, 0.1259555965662, 0, 0, 1, 0, 0, -0.1259555965662, 0, 0.99203586578369, 0, -0.088857419788837, -7.6293943607197e-08, -0.1508491486311, 1, },
		{ 0.99143588542938, 0, 0.13059422373772, 0, 0, 1, 0, 0, -0.13059422373772, 0, 0.99143588542938, 0, -0.096817165613174, -7.6293943607197e-08, -0.15305587649345, 1, },
		{ 0.99081629514694, 0, 0.13521504402161, 0, 0, 1, 0, 0, -0.13521504402161, 0, 0.99081629514694, 0, -0.10488540679216, -7.6293943607197e-08, -0.15339301526546, 1, },
		{ 0.99017441272736, 0, 0.13983771204948, 0, 0, 1, 0, 0, -0.13983771204948, 0, 0.99017441272736, 0, -0.11296203732491, -7.6293943607197e-08, -0.15373054146767, 1, },
		{ 0.98951840400696, 0, 0.14440655708313, 0, 0, 1, 0, 0, -0.14440655708313, 0, 0.98951840400696, 0, -0.12104171514511, -7.6293943607197e-08, -0.15406799316406, 1, },
		{ 0.98886013031006, 0, 0.14884701371193, 0, 0, 1, 0, 0, -0.14884701371193, 0, 0.98886013031006, 0, -0.12912994623184, -7.6293943607197e-08, -0.15440566837788, 1, },
		{ 0.98821306228638, 0, 0.15308479964733, 0, 0, 1, 0, 0, -0.15308479964733, 0, 0.98821306228638, 0, -0.13723219931126, -7.6293943607197e-08, -0.15474380552769, 1, },
		{ 0.98759120702744, 0, 0.15704599022865, 0, 0, 1, 0, 0, -0.15704599022865, 0, 0.98759120702744, 0, -0.14535368978977, -7.6293943607197e-08, -0.15508238971233, 1, },
		{ 0.9870069026947, 0, 0.16067752242088, 0, 0, 1, 0, 0, -0.16067752242088, 0, 0.9870069026947, 0, -0.1534887701273, -7.6293943607197e-08, -0.15542152523994, 1, },
		{ 0.98645865917206, 0, 0.16401045024395, 0, 0, 1, 0, 0, -0.16401045024395, 0, 0.98645865917206, 0, -0.16164276003838, -7.6293943607197e-08, -0.15374648571014, 1, },
		{ 0.98594045639038, 0, 0.16709677875042, 0, 0, 1, 0, 0, -0.16709677875042, 0, 0.98594045639038, 0, -0.1697231978178, -7.6293943607197e-08, -0.15111517906189, 1, },
		{ 0.98544609546661, 0, 0.16998820006847, 0, 0, 1, 0, 0, -0.16998820006847, 0, 0.98544609546661, 0, -0.17766128480434, -7.6293943607197e-08, -0.14778243005276, 1, },
		{ 0.98496806621552, 0, 0.17273633182049, 0, 0, 1, 0, 0, -0.17273633182049, 0, 0.98496806621552, 0, -0.18538726866245, -7.6293943607197e-08, -0.14400359988213, 1, },
		{ 0.98450535535812, 0, 0.17535422742367, 0, 0, 1, 0, 0, -0.17535422742367, 0, 0.98450535535812, 0, -0.19283981621265, -7.6293943607197e-08, -0.13998191058636, 1, },
		{ 0.98408442735672, 0, 0.17770150303841, 0, 0, 1, 0, 0, -0.17770150303841, 0, 0.98408442735672, 0, -0.19999144971371, -7.6293943607197e-08, -0.13571502268314, 1, },
		{ 0.98373991250992, 0, 0.17959924042225, 0, 0, 1, 0, 0, -0.17959924042225, 0, 0.98373991250992, 0, -0.20682220160961, -7.6293943607197e-08, -0.13114975392818, 1, },
		{ 0.98350715637207, 0, 0.18086887896061, 0, 0, 1, 0, 0, -0.18086887896061, 0, 0.98350715637207, 0, -0.21331298351288, -7.6293943607197e-08, -0.1262321472168, 1, },
		{ 0.98342198133469, 0, 0.18133179843426, 0, 0, 1, 0, 0, -0.18133179843426, 0, 0.98342198133469, 0, -0.21944350004196, -7.6293943607197e-08, -0.12090850621462, 1, },
		{ 0.98350328207016, 0, 0.18088984489441, 0, 0, 1, 0, 0, -0.18088984489441, 0, 0.98350328207016, 0, -0.22520110011101, -7.6293943607197e-08, -0.11514221131802, 1, },
		{ 0.98372030258179, 0, 0.17970632016659, 0, 0, 1, 0, 0, -0.17970632016659, 0, 0.98372030258179, 0, -0.2305966168642, -7.6293943607197e-08, -0.10896400362253, 1, },
		{ 0.98403131961823, 0, 0.17799487709999, 0, 0, 1, 0, 0, -0.17799487709999, 0, 0.98403131961823, 0, -0.2356478869915, -7.6293943607197e-08, -0.10242126137018, 1, },
		{ 0.98439568281174, 0, 0.17596906423569, 0, 0, 1, 0, 0, -0.17596906423569, 0, 0.98439568281174, 0, -0.24021376669407, -7.6293943607197e-08, -0.095556870102882, 1, },
		{ 0.98477339744568, 0, 0.17384277284145, 0, 0, 1, 0, 0, -0.17384277284145, 0, 0.98477339744568, 0, -0.24478714168072, -7.6293943607197e-08, -0.088432006537914, 1, },
		{ 0.98513996601105, 0, 0.17175278067589, 0, 0, 1, 0, 0, -0.17175278067589, 0, 0.98513996601105, 0, -0.24863158166409, -7.6293943607197e-08, -0.081068955361843, 1, },
		{ 0.9855255484581, 0, 0.16952665150166, 0, 0, 1, 0, 0, -0.16952665150166, 0, 0.9855255484581, 0, -0.25248137116432, -7.6293943607197e-08, -0.073515087366104, 1, },
		{ 0.98597145080566, 0, 0.16691426932812, 0, 0, 1, 0, 0, -0.16691426932812, 0, 0.98597145080566, 0, -0.25448256731033, -7.6293943607197e-08, -0.065740890800953, 1, },
		{ 0.98651599884033, 0, 0.16366501152515, 0, 0, 1, 0, 0, -0.16366501152515, 0, 0.98651599884033, 0, -0.25648772716522, -7.6293943607197e-08, -0.057821273803711, 1, },
		{ 0.98719346523285, 0, 0.1595274657011, 0, 0, 1, 0, 0, -0.1595274657011, 0, 0.98719346523285, 0, -0.25849640369415, -7.6293943607197e-08, -0.04977859556675, 1, },
		{ 0.98802131414413, 0, 0.15431778132915, 0, 0, 1, 0, 0, -0.15431778132915, 0, 0.98802131414413, 0, -0.25812223553658, -7.6293943607197e-08, -0.041571579873562, 1, },
		{ 0.98896867036819, 0, 0.14812481403351, 0, 0, 1, 0, 0, -0.14812481403351, 0, 0.98896867036819, 0, -0.25774976611137, -7.6293943607197e-08, -0.033301390707493, 1, },
		{ 0.98999440670013, 0, 0.14110608398914, 0, 0, 1, 0, 0, -0.14110608398914, 0, 0.98999440670013, 0, -0.25737807154655, -7.6293943607197e-08, -0.025005569681525, 1, },
		{ 0.99105966091156, 0, 0.13341954350471, 0, 0, 1, 0, 0, -0.13341954350471, 0, 0.99105966091156, 0, -0.25700590014458, -7.6293943607197e-08, -0.016721190884709, 1, },
		{ 0.99212855100632, 0, 0.12522388994694, 0, 0, 1, 0, 0, -0.12522388994694, 0, 0.99212855100632, 0, -0.2566325366497, -7.6293943607197e-08, -0.0084857176989317, 1, },
		{ 0.99317169189453, 0, 0.11666192114353, 0, 0, 1, 0, 0, -0.11666192114353, 0, 0.99317169189453, 0, -0.25625655055046, -7.6293943607197e-08, -0.00033454893855378, 1, },
		{ 0.99417150020599, 0, 0.1078100502491, 0, 0, 1, 0, 0, -0.1078100502491, 0, 0.99417150020599, 0, -0.25587782263756, -7.6293943607197e-08, 0.0077029415406287, 1, },
		{ 0.99511432647705, 0, 0.098728373646736, 0, 0, 1, 0, 0, -0.098728373646736, 0, 0.99511432647705, 0, -0.25549483299255, -7.6293943607197e-08, 0.01559997536242, 1, },
		{ 0.9959888458252, 0, 0.089477345347404, 0, 0, 1, 0, 0, -0.089477345347404, 0, 0.9959888458252, 0, -0.25205916166306, -7.6293943607197e-08, 0.023413848131895, 1, },
		{ 0.99678540229797, 0, 0.080117702484131, 0, 0, 1, 0, 0, -0.080117702484131, 0, 0.99678540229797, 0, -0.24861785769463, -7.6293943607197e-08, 0.031032562255859, 1, },
		{ 0.99749630689621, 0, 0.070719003677368, 0, 0, 1, 0, 0, -0.070719003677368, 0, 0.99749630689621, 0, -0.244489595294, -7.6293943607197e-08, 0.038444593548775, 1, },
		{ 0.99811416864395, 0, 0.061385415494442, 0, 0, 1, 0, 0, -0.061385415494442, 0, 0.99811416864395, 0, -0.24035385251045, -7.6293943607197e-08, 0.045587003231049, 1, },
		{ 0.99863511323929, 0, 0.052229959517717, 0, 0, 1, 0, 0, -0.052229959517717, 0, 0.99863511323929, 0, -0.23574858903885, -7.6293943607197e-08, 0.052426297217607, 1, },
		{ 0.99905925989151, 0, 0.043365813791752, 0, 0, 1, 0, 0, -0.043365813791752, 0, 0.99905925989151, 0, -0.23078490793705, -7.6293943607197e-08, 0.058912351727486, 1, },
		{ 0.99939060211182, 0, 0.034906201064587, 0, 0, 1, 0, 0, -0.034906201064587, 0, 0.99939060211182, 0, -0.22543151676655, -7.6293943607197e-08, 0.064999461174011, 1, },
		{ 0.99963706731796, 0, 0.026938257738948, 0, 0, 1, 0, 0, -0.026938257738948, 0, 0.99963706731796, 0, -0.21966658532619, -7.6293943607197e-08, 0.070657350122929, 1, },
		{ 0.99981093406677, 0, 0.019444832578301, 0, 0, 1, 0, 0, -0.019444832578301, 0, 0.99981093406677, 0, -0.21351088583469, -7.6293943607197e-08, 0.075918272137642, 1, },
		{ 0.99992334842682, 0, 0.012382477521896, 0, 0, 1, 0, 0, -0.012382477521896, 0, 0.99992334842682, 0, -0.20699554681778, -7.6293943607197e-08, 0.080831065773964, 1, },
		{ 0.99998366832733, 0, 0.0057075824588537, 0, 0, 1, 0, 0, -0.0057075824588537, 0, 0.99998366832733, 0, -0.20015242695808, -7.6293943607197e-08, 0.085443645715714, 1, },
		{ 0.99999976158142, 0, -0.00062359496951103, 0, 0, 1, 0, 0, 0.00062359496951103, 0, 0.99999976158142, 0, -0.19301268458366, -7.6293943607197e-08, 0.089804224669933, 1, },
		{ 0.99997788667679, 0, -0.0066493861377239, 0, 0, 1, 0, 0, 0.0066493861377239, 0, 0.99997788667679, 0, -0.18560759723186, -7.6293943607197e-08, 0.093917466700077, 1, },
		{ 0.99992322921753, 0, -0.012386259622872, 0, 0, 1, 0, 0, 0.012386259622872, 0, 0.99992322921753, 0, -0.17796844244003, -7.6293943607197e-08, 0.097612001001835, 1, },
		{ 0.99984073638916, 0, -0.017845248803496, 0, 0, 1, 0, 0, 0.017845248803496, 0, 0.99984073638916, 0, -0.17012633383274, -7.6293943607197e-08, 0.10067237913609, 1, },
		{ 0.99973452091217, 0, -0.023037416860461, 0, 0, 1, 0, 0, 0.023037416860461, 0, 0.99973452091217, 0, -0.16209700703621, -7.6293943607197e-08, 0.10234969854355, 1, },
		{ 0.9996086359024, 0, -0.027973929420114, 0, 0, 1, 0, 0, 0.027973929420114, 0, 0.9996086359024, 0, -0.15395660698414, -7.6293943607197e-08, 0.10402999818325, 1, },
		{ 0.99946689605713, 0, -0.03264868631959, 0, 0, 1, 0, 0, 0.03264868631959, 0, 0.99946689605713, 0, -0.14569397270679, -7.6293943607197e-08, 0.10397826880217, 1, },
		{ 0.99931573867798, 0, -0.036986857652664, 0, 0, 1, 0, 0, 0.036986857652664, 0, 0.99931573867798, 0, -0.13739791512489, -7.6293943607197e-08, 0.1039275303483, 1, },
		{ 0.99916338920593, 0, -0.040896508842707, 0, 0, 1, 0, 0, 0.040896508842707, 0, 0.99916338920593, 0, -0.12910842895508, -7.6293943607197e-08, 0.10387656837702, 1, },
		{ 0.999018907547, 0, -0.044285751879215, 0, 0, 1, 0, 0, 0.044285751879215, 0, 0.999018907547, 0, -0.12086593359709, -7.6293943607197e-08, 0.10382422804832, 1, },
		{ 0.99889189004898, 0, -0.047062754631042, 0, 0, 1, 0, 0, 0.047062754631042, 0, 0.99889189004898, 0, -0.11271178722382, -7.6293943607197e-08, 0.10376945137978, 1, },
		{ 0.99879056215286, 0, -0.049165457487106, 0, 0, 1, 0, 0, 0.049165457487106, 0, 0.99879056215286, 0, -0.10467910766602, -7.6293943607197e-08, 0.10371131449938, 1, },
		{ 0.99871641397476, 0, -0.050650600343943, 0, 0, 1, 0, 0, 0.050650600343943, 0, 0.99871641397476, 0, -0.096778564155102, -7.6293943607197e-08, 0.1036494448781, 1, },
		{ 0.99866759777069, 0, -0.051604576408863, 0, 0, 1, 0, 0, 0.051604576408863, 0, 0.99866759777069, 0, -0.088943175971508, -7.6293943607197e-08, 0.10107314586639, 1, },
		{ 0.99864107370377, 0, -0.052113685756922, 0, 0, 1, 0, 0, 0.052113685756922, 0, 0.99864107370377, 0, -0.081226192414761, -7.6293943607197e-08, 0.097754590213299, 1, },
		{ 0.9986332654953, 0, -0.052264209836721, 0, 0, 1, 0, 0, 0.052264209836721, 0, 0.9986332654953, 0, -0.073637083172798, -7.6293943607197e-08, 0.093911588191986, 1, },
		{ 0.99866443872452, 0, -0.051664251834154, 0, 0, 1, 0, 0, 0.051664251834154, 0, 0.99866443872452, 0, -0.066196285188198, -7.6293943607197e-08, 0.089735485613346, 1, },
		{ 0.99874103069305, 0, -0.050164148211479, 0, 0, 1, 0, 0, 0.050164148211479, 0, 0.99874103069305, 0, -0.058967895805836, -7.6293943607197e-08, 0.085306473076344, 1, },
		{ 0.99883705377579, 0, -0.048213697969913, 0, 0, 1, 0, 0, 0.048213697969913, 0, 0.99883705377579, 0, -0.052025906741619, -7.6293943607197e-08, 0.080678403377533, 1, },
		{ 0.9989293217659, 0, -0.04626277834177, 0, 0, 1, 0, 0, 0.04626277834177, 0, 0.9989293217659, 0, -0.045445099473, -7.6293943607197e-08, 0.075903929769993, 1, },
		{ 0.99899768829346, 0, -0.044761441648006, 0, 0, 1, 0, 0, 0.044761441648006, 0, 0.99899768829346, 0, -0.039299927651882, -7.6293943607197e-08, 0.071036830544472, 1, },
		{ 0.9990359544754, 0, -0.043898358941078, 0, 0, 1, 0, 0, 0.043898358941078, 0, 0.9990359544754, 0, -0.033638000488281, -7.6293943607197e-08, 0.06606338173151, 1, },
		{ 0.99908292293549, 0, -0.042816560715437, 0, 0, 1, 0, 0, 0.042816560715437, 0, 0.99908292293549, 0, -0.028580931946635, -7.6293943607197e-08, 0.060698315501213, 1, },
		{ 0.99918365478516, 0, -0.040397331118584, 0, 0, 1, 0, 0, 0.040397331118584, 0, 0.99918365478516, 0, -0.023503722622991, -7.6293943607197e-08, 0.054609604179859, 1, },
		{ 0.99936890602112, 0, -0.035521443933249, 0, 0, 1, 0, 0, 0.035521443933249, 0, 0.99936890602112, 0, -0.018964232876897, -7.6293943607197e-08, 0.047432173043489, 1, },
		{ 0.99963349103928, 0, -0.027068512514234, 0, 0, 1, 0, 0, 0.027068512514234, 0, 0.99963349103928, 0, -0.014384765177965, -7.6293943607197e-08, 0.03883308172226, 1, },
		{ 0.99989402294159, 0, -0.014558269642293, 0, 0, 1, 0, 0, 0.014558269642293, 0, 0.99989402294159, 0, -0.01026641856879, -7.6293943607197e-08, 0.028752516955137, 1, },
		{ 1, 0, -7.692910003243e-05, 0, 0, 1, 0, 0, 7.692910003243e-05, 0, 1, 0, -0.0061398316174746, -7.6293943607197e-08, 0.018373107537627, 1, },
		{ 0.99990683794022, 0, 0.013644885271788, 0, 0, 1, 0, 0, -0.013644885271788, 0, 0.99990683794022, 0, -0.0040054321289063, -7.6293943607197e-08, 0.0091123962774873, 1, },
		{ 0.99971491098404, 0, 0.023877250030637, 0, 0, 1, 0, 0, -0.023877250030637, 0, 0.99971491098404, 0, -0.0019458007300273, -7.6293943607197e-08, 0.0024972534738481, 1, },
		{ 0.99961090087891, 0, 0.027893628925085, 0, 0, 1, 0, 0, -0.027893628925085, 0, 0.99961090087891, 0, 0, -7.6293943607197e-08, 0, 1, },
	},
}
end
