function data()
return {
	times = { 0, 41.667, 83.333, 125, 166.667, 208.333, 250, 291.667, 333.333, 416.667, 458.333, 500, 541.667, 583.333, 625, 666.667, 708.333, 750, 791.667, 833.333, 875, 916.667, 958.333, 1000, 1041.667, 1083.333, 1125, 1166.667, 1208.333, 1250, 1291.667, 1333.333, 1375, 1416.667, 1458.333, 1500, 1541.667, 1583.333, 1625, 1666.667, 1708.333, 1750, 1791.667, 1833.333, 1875, 1916.667, 1958.333, 2000, 2041.667, 2083.333, 2125, 2166.667, 2208.333, 2250, 2291.667, 2333.333, 2375, 2416.667, 2458.333, 2500, 2541.667, 2583.333, 2625, 2666.667, 2708.333, 2750, 2791.667, 2833.333, 2875, 2916.667, 2958.333, 3000, 3041.667, 3083.333, 3125, 3166.667, 3208.333, 3250, 3291.667, 3333.333, 3375, 3416.667, 3458.333, 3500, 3541.667, 3583.333, 3625, 3666.667, 3708.333, 3750, 3791.667, 3833.333, 3875, 3916.667, 3958.333, 4000, 4041.667, 4083.333, 4125, 4166.667, },
	transfs = {
		{ 1, 0, 0, 0, 0, 1, 0, 0, 0, 0, 1, 0, 0, 0, 0, 1, },
		{ 1, 0, 0, 0, 0, 1, 0, 0, 0, 0, 1, 0, -0.005402831826359, 0, 0, 1, },
		{ 1, 0, 0, 0, 0, 1, 0, 0, 0, 0, 1, 0, -0.01976440474391, 0, 0, 1, },
		{ 1, 0, 0, 0, 0, 1, 0, 0, 0, 0, 1, 0, -0.040312498807907, 0, 0, 1, },
		{ 1, 0, 0, 0, 0, 1, 0, 0, 0, 0, 1, 0, -0.06427551060915, 0, 0, 1, },
		{ 1, 0, 0, 0, 0, 1, 0, 0, 0, 0, 1, 0, -0.088882446289063, 0, 0, 1, },
		{ 1, 0, 0, 0, 0, 1, 0, 0, 0, 0, 1, 0, -0.11164550483227, 0, 0, 1, },
		{ 1, 0, 0, 0, 0, 1, 0, 0, 0, 0, 1, 0, -0.13121093809605, 0, 0, 1, },
		{ 1, 0, 0, 0, 0, 1, 0, 0, 0, 0, 1, 0, -0.14651000499725, 0, 0, 1, },
		{ 1, 0, 0, 0, 0, 1, 0, 0, 0, 0, 1, 0, -0.16003234684467, 0, 0, 1, },
		{ 0.99998861551285, 0, -0.00475451676175, 0, 0, 1, 0, 0, 0.00475451676175, 0, 0.99998861551285, 0, -0.15913085639477, 0, 0, 1, },
		{ 0.99985337257385, 0, -0.017124056816101, 0, 0, 1, 0, 0, 0.017124056816101, 0, 0.99985337257385, 0, -0.15822997689247, 0, 0, 1, },
		{ 0.99941277503967, 0, -0.034264501184225, 0, 0, 1, 0, 0, 0.034264501184225, 0, 0.99941277503967, 0, -0.15732848644257, 0, 0, 1, },
		{ 0.99857699871063, 0, -0.053328316658735, 0, 0, 1, 0, 0, 0.053328316658735, 0, 0.99857699871063, 0, -0.15642760694027, 0, 0, 1, },
		{ 0.99744266271591, 0, -0.071471251547337, 0, 0, 1, 0, 0, 0.071471251547337, 0, 0.99744266271591, 0, -0.15552611649036, 0, 0, 1, },
		{ 0.99625819921494, 0, -0.08642689883709, 0, 0, 1, 0, 0, 0.08642689883709, 0, 0.99625819921494, 0, -0.15462462604046, 0, 0, 1, },
		{ 0.99516648054123, 0, -0.098201349377632, 0, 0, 1, 0, 0, 0.098201349377632, 0, 0.99516648054123, 0, -0.15372374653816, 0, 0, 1, },
		{ 0.99421954154968, 0, -0.10736591368914, 0, 0, 1, 0, 0, 0.10736591368914, 0, 0.99421954154968, 0, -0.15282225608826, 0, 0, 1, },
		{ 0.99342447519302, 0, -0.11448949575424, 0, 0, 1, 0, 0, 0.11448949575424, 0, 0.99342447519302, 0, -0.15192137658596, 0, 0, 1, },
		{ 0.99275708198547, 0, -0.12013850361109, 0, 0, 1, 0, 0, 0.12013850361109, 0, 0.99275708198547, 0, -0.15101990103722, 0, 0, 1, },
		{ 0.99217927455902, 0, -0.12482073903084, 0, 0, 1, 0, 0, 0.12482073903084, 0, 0.99217927455902, 0, -0.15011902153492, 0, 0, 1, },
		{ 0.99166834354401, 0, -0.12881672382355, 0, 0, 1, 0, 0, 0.12881672382355, 0, 0.99166834354401, 0, -0.14921753108501, 0, 0, 1, },
		{ 0.99120306968689, 0, -0.1323494464159, 0, 0, 1, 0, 0, 0.1323494464159, 0, 0.99120306968689, 0, -0.14831604063511, 0, 0, 1, },
		{ 0.99075788259506, 0, -0.13564178347588, 0, 0, 1, 0, 0, 0.13564178347588, 0, 0.99075788259506, 0, -0.14741516113281, 0, 0, 1, },
		{ 0.99030417203903, 0, -0.13891598582268, 0, 0, 1, 0, 0, 0.13891598582268, 0, 0.99030417203903, 0, -0.14651367068291, 0, 0, 1, },
		{ 0.9898236989975, 0, -0.14229871332645, 0, 0, 1, 0, 0, 0.14229871332645, 0, 0.9898236989975, 0, -0.14561279118061, 0, 0, 1, },
		{ 0.98935294151306, 0, -0.14553602039814, 0, 0, 1, 0, 0, 0.14553602039814, 0, 0.98935294151306, 0, -0.14471130073071, 0, 0, 1, },
		{ 0.98894554376602, 0, -0.14827919006348, 0, 0, 1, 0, 0, 0.14827919006348, 0, 0.98894554376602, 0, -0.13828612864017, 0, 0, 1, },
		{ 0.98865860700607, 0, -0.15018036961555, 0, 0, 1, 0, 0, 0.15018036961555, 0, 0.98865860700607, 0, -0.13186034560204, 0, 0, 1, },
		{ 0.98855030536652, 0, -0.15089140832424, 0, 0, 1, 0, 0, 0.15089140832424, 0, 0.98855030536652, 0, -0.12625122070313, 0, 0, 1, },
		{ 0.98862367868423, 0, -0.15040984749794, 0, 0, 1, 0, 0, 0.15040984749794, 0, 0.98862367868423, 0, -0.12064208835363, 0, 0, 1, },
		{ 0.98888099193573, 0, -0.14870907366276, 0, 0, 1, 0, 0, 0.14870907366276, 0, 0.98888099193573, 0, -0.11764404177666, 0, 0, 1, },
		{ 0.98937225341797, 0, -0.14540435373783, 0, 0, 1, 0, 0, 0.14540435373783, 0, 0.98937225341797, 0, -0.11464599519968, 0, 0, 1, },
		{ 0.99013608694077, 0, -0.14010907709599, 0, 0, 1, 0, 0, 0.14010907709599, 0, 0.99013608694077, 0, -0.11164733767509, 0, 0, 1, },
		{ 0.99119180440903, 0, -0.13243423402309, 0, 0, 1, 0, 0, 0.13243423402309, 0, 0.99119180440903, 0, -0.10864929109812, 0, 0, 1, },
		{ 0.99250012636185, 0, -0.12224338948727, 0, 0, 1, 0, 0, 0.12224338948727, 0, 0.99250012636185, 0, -0.10553588718176, 0, 0, 1, },
		{ 0.99388474225998, 0, -0.11042226105928, 0, 0, 1, 0, 0, 0.11042226105928, 0, 0.99388474225998, 0, -0.10242187231779, 0, 0, 1, },
		{ 0.99517476558685, 0, -0.098117895424366, 0, 0, 1, 0, 0, 0.098117895424366, 0, 0.99517476558685, 0, -0.099308468401432, 0, 0, 1, },
		{ 0.99625325202942, 0, -0.086483687162399, 0, 0, 1, 0, 0, 0.086483687162399, 0, 0.99625325202942, 0, -0.096194453537464, 0, 0, 1, },
		{ 0.99705588817596, 0, -0.076677799224854, 0, 0, 1, 0, 0, 0.076677799224854, 0, 0.99705588817596, 0, -0.093081049621105, 0, 0, 1, },
		{ 0.99757713079453, 0, -0.069568023085594, 0, 0, 1, 0, 0, 0.069568023085594, 0, 0.99757713079453, 0, -0.0839953571558, 0, 0, 1, },
		{ 0.99789482355118, 0, -0.064851887524128, 0, 0, 1, 0, 0, 0.064851887524128, 0, 0.99789482355118, 0, -0.074909664690495, 0, 0, 1, },
		{ 0.99808031320572, 0, -0.061931978911161, 0, 0, 1, 0, 0, 0.061931978911161, 0, 0.99808031320572, 0, -0.062985226511955, 0, 0, 1, },
		{ 0.99818575382233, 0, -0.060209538787603, 0, 0, 1, 0, 0, 0.060209538787603, 0, 0.99818575382233, 0, -0.049620360136032, 0, 0, 1, },
		{ 0.99825292825699, 0, -0.059085018932819, 0, 0, 1, 0, 0, 0.059085018932819, 0, 0.99825292825699, 0, -0.035151366144419, 0, 0, 1, },
		{ 0.99831342697144, 0, -0.058053188025951, 0, 0, 1, 0, 0, 0.058053188025951, 0, 0.99831342697144, 0, -0.019898680970073, 0, 0, 1, },
		{ 0.99837493896484, 0, -0.056986749172211, 0, 0, 1, 0, 0, 0.056986749172211, 0, 0.99837493896484, 0, -0.004093627911061, 0, 0, 1, },
		{ 0.99843901395798, 0, -0.055853005498648, 0, 0, 1, 0, 0, 0.055853005498648, 0, 0.99843901395798, 0, 0.012050170451403, 0, 0, 1, },
		{ 0.99850726127625, 0, -0.054619215428829, 0, 0, 1, 0, 0, 0.054619215428829, 0, 0.99850726127625, 0, 0.028320921584964, 0, 0, 1, },
		{ 0.99858099222183, 0, -0.053252641111612, 0, 0, 1, 0, 0, 0.053252641111612, 0, 0.99858099222183, 0, 0.044506836682558, 0, 0, 1, },
		{ 0.99866008758545, 0, -0.051747988909483, 0, 0, 1, 0, 0, 0.051747988909483, 0, 0.99866008758545, 0, 0.060501098632813, 0, 0, 1, },
		{ 0.99873870611191, 0, -0.050209905952215, 0, 0, 1, 0, 0, 0.050209905952215, 0, 0.99873870611191, 0, 0.076619870960712, 0, 0, 1, },
		{ 0.99880993366241, 0, -0.048770651221275, 0, 0, 1, 0, 0, 0.048770651221275, 0, 0.99880993366241, 0, 0.093284301459789, 0, 0, 1, },
		{ 0.998868227005, 0, -0.047562327235937, 0, 0, 1, 0, 0, 0.047562327235937, 0, 0.998868227005, 0, 0.11091674864292, 0, 0, 1, },
		{ 0.99890810251236, 0, -0.046717263758183, 0, 0, 1, 0, 0, 0.046717263758183, 0, 0.99890810251236, 0, 0.12993712723255, 0, 0, 1, },
		{ 0.99892914295197, 0, -0.046265073120594, 0, 0, 1, 0, 0, 0.046265073120594, 0, 0.99892914295197, 0, 0.15033020079136, 0, 0, 1, },
		{ 0.99894946813583, 0, -0.04582504183054, 0, 0, 1, 0, 0, 0.04582504183054, 0, 0.99894946813583, 0, 0.17032591998577, 0, 0, 1, },
		{ 0.99899089336395, 0, -0.04491376504302, 0, 0, 1, 0, 0, 0.04491376504302, 0, 0.99899089336395, 0, 0.18771727383137, 0, 0, 1, },
		{ 0.99907302856445, 0, -0.043047782033682, 0, 0, 1, 0, 0, 0.043047782033682, 0, 0.99907302856445, 0, 0.20029479265213, 0, 0, 1, },
		{ 0.9992099404335, 0, -0.039743386209011, 0, 0, 1, 0, 0, 0.039743386209011, 0, 0.9992099404335, 0, 0.19957946240902, 0, 0, 1, },
		{ 0.99950748682022, 0, -0.03138217702508, 0, 0, 1, 0, 0, 0.03138217702508, 0, 0.99950748682022, 0, 0.1988635212183, 0, 0, 1, },
		{ 0.99986559152603, 0, -0.016390169039369, 0, 0, 1, 0, 0, 0.016390169039369, 0, 0.99986559152603, 0, 0.19814819097519, 0, 0, 1, },
		{ 0.99999642372131, 0, 0.0026453693863004, 0, 0, 1, 0, 0, -0.0026453693863004, 0, 0.99999642372131, 0, 0.19743224978447, 0, 0, 1, },
		{ 0.99973249435425, 0, 0.023129357025027, 0, 0, 1, 0, 0, -0.023129357025027, 0, 0.99973249435425, 0, 0.19671691954136, 0, 0, 1, },
		{ 0.99909800291061, 0, 0.042464405298233, 0, 0, 1, 0, 0, -0.042464405298233, 0, 0.99909800291061, 0, 0.19600158929825, 0, 0, 1, },
		{ 0.99828243255615, 0, 0.058584421873093, 0, 0, 1, 0, 0, -0.058584421873093, 0, 0.99828243255615, 0, 0.19528563320637, 0, 0, 1, },
		{ 0.99743849039078, 0, 0.071529410779476, 0, 0, 1, 0, 0, -0.071529410779476, 0, 0.99743849039078, 0, 0.19457030296326, 0, 0, 1, },
		{ 0.99664342403412, 0, 0.081865280866623, 0, 0, 1, 0, 0, -0.081865280866623, 0, 0.99664342403412, 0, 0.19385436177254, 0, 0, 1, },
		{ 0.99592757225037, 0, 0.090156927704811, 0, 0, 1, 0, 0, -0.090156927704811, 0, 0.99592757225037, 0, 0.19313903152943, 0, 0, 1, },
		{ 0.99528747797012, 0, 0.096967503428459, 0, 0, 1, 0, 0, -0.096967503428459, 0, 0.99528747797012, 0, 0.19242370128632, 0, 0, 1, },
		{ 0.99470430612564, 0, 0.10277804732323, 0, 0, 1, 0, 0, -0.10277804732323, 0, 0.99470430612564, 0, 0.1917077600956, 0, 0, 1, },
		{ 0.99417847394943, 0, 0.10774594545364, 0, 0, 1, 0, 0, -0.10774594545364, 0, 0.99417847394943, 0, 0.19099242985249, 0, 0, 1, },
		{ 0.99371409416199, 0, 0.11194768548012, 0, 0, 1, 0, 0, -0.11194768548012, 0, 0.99371409416199, 0, 0.19027648866177, 0, 0, 1, },
		{ 0.99331212043762, 0, 0.1154593527317, 0, 0, 1, 0, 0, -0.1154593527317, 0, 0.99331212043762, 0, 0.18956115841866, 0, 0, 1, },
		{ 0.99297112226486, 0, 0.11835692077875, 0, 0, 1, 0, 0, -0.11835692077875, 0, 0.99297112226486, 0, 0.18884582817554, 0, 0, 1, },
		{ 0.99268490076065, 0, 0.12073330581188, 0, 0, 1, 0, 0, -0.12073330581188, 0, 0.99268490076065, 0, 0.18812987208366, 0, 0, 1, },
		{ 0.99243766069412, 0, 0.1227495148778, 0, 0, 1, 0, 0, -0.1227495148778, 0, 0.99243766069412, 0, 0.18741454184055, 0, 0, 1, },
		{ 0.99220907688141, 0, 0.12458355724812, 0, 0, 1, 0, 0, -0.12458355724812, 0, 0.99220907688141, 0, 0.18669860064983, 0, 0, 1, },
		{ 0.99197763204575, 0, 0.12641322612762, 0, 0, 1, 0, 0, -0.12641322612762, 0, 0.99197763204575, 0, 0.18598327040672, 0, 0, 1, },
		{ 0.99172031879425, 0, 0.12841618061066, 0, 0, 1, 0, 0, -0.12841618061066, 0, 0.99172031879425, 0, 0.17775511741638, 0, 0, 1, },
		{ 0.99142354726791, 0, 0.13068817555904, 0, 0, 1, 0, 0, -0.13068817555904, 0, 0.99142354726791, 0, 0.16952759027481, 0, 0, 1, },
		{ 0.9911162853241, 0, 0.13299834728241, 0, 0, 1, 0, 0, -0.13299834728241, 0, 0.9911162853241, 0, 0.15953978896141, 0, 0, 1, },
		{ 0.99084091186523, 0, 0.13503448665142, 0, 0, 1, 0, 0, -0.13503448665142, 0, 0.99084091186523, 0, 0.14955139160156, 0, 0, 1, },
		{ 0.99064213037491, 0, 0.1364847868681, 0, 0, 1, 0, 0, -0.1364847868681, 0, 0.99064213037491, 0, 0.13860289752483, 0, 0, 1, },
		{ 0.99056577682495, 0, 0.13703748583794, 0, 0, 1, 0, 0, -0.13703748583794, 0, 0.99056577682495, 0, 0.12720458209515, 0, 0, 1, },
		{ 0.99064940214157, 0, 0.13643212616444, 0, 0, 1, 0, 0, -0.13643212616444, 0, 0.99064940214157, 0, 0.11550109833479, 0, 0, 1, },
		{ 0.99087709188461, 0, 0.13476872444153, 0, 0, 1, 0, 0, -0.13476872444153, 0, 0.99087709188461, 0, 0.10363586246967, 0, 0, 1, },
		{ 0.99121284484863, 0, 0.13227650523186, 0, 0, 1, 0, 0, -0.13227650523186, 0, 0.99121284484863, 0, 0.091751098632813, 0, 0, 1, },
		{ 0.99162060022354, 0, 0.12918445467949, 0, 0, 1, 0, 0, -0.12918445467949, 0, 0.99162060022354, 0, 0.079993285238743, 0, 0, 1, },
		{ 0.99206548929214, 0, 0.125721976161, 0, 0, 1, 0, 0, -0.125721976161, 0, 0.99206548929214, 0, 0.068504028022289, 0, 0, 1, },
		{ 0.99254250526428, 0, 0.12189892679453, 0, 0, 1, 0, 0, -0.12189892679453, 0, 0.99254250526428, 0, 0.057426758110523, 0, 0, 1, },
		{ 0.99314999580383, 0, 0.11684575676918, 0, 0, 1, 0, 0, -0.11684575676918, 0, 0.99314999580383, 0, 0.047255858778954, 0, 0, 1, },
		{ 0.9939900636673, 0, 0.10947040468454, 0, 0, 1, 0, 0, -0.10947040468454, 0, 0.9939900636673, 0, 0.037085570394993, 0, 0, 1, },
		{ 0.99511957168579, 0, 0.098676383495331, 0, 0, 1, 0, 0, -0.098676383495331, 0, 0.99511957168579, 0, 0.028602294623852, 0, 0, 1, },
		{ 0.99651944637299, 0, 0.083360753953457, 0, 0, 1, 0, 0, -0.083360753953457, 0, 0.99651944637299, 0, 0.020118407905102, 0, 0, 1, },
		{ 0.9980001449585, 0, 0.063210487365723, 0, 0, 1, 0, 0, -0.063210487365723, 0, 0.9980001449585, 0, 0.013895873911679, 0, 0, 1, },
		{ 0.99915492534637, 0, 0.041102904826403, 0, 0, 1, 0, 0, -0.041102904826403, 0, 0.99915492534637, 0, 0.0076733394525945, 0, 0, 1, },
		{ 0.9997850060463, 0, 0.020731579512358, 0, 0, 1, 0, 0, -0.020731579512358, 0, 0.9997850060463, 0, 0.0051153562963009, 0, 0, 1, },
		{ 0.99998319149017, 0, 0.0057982229627669, 0, 0, 1, 0, 0, -0.0057982229627669, 0, 0.99998319149017, 0, 0.0025579833891243, 0, 0, 1, },
		{ 1, 0, 0, 0, 0, 1, 0, 0, 0, 0, 1, 0, 0, 0, 0, 1, },
	},
}
end
