function data()
return {
	times = { 0, 41.667, 83.333, 125, 166.667, 208.333, 250, 291.667, 333.333, 375, 416.667, 458.333, 500, 541.667, 583.333, 625, 666.667, 708.333, 750, 791.667, 833.333, 875, 916.667, 958.333, 1000, 1041.667, 1083.333, 1125, 1166.667, 1208.333, 1250, 1291.667, 1333.333, 1375, 1416.667, 1458.333, 1500, 1541.667, 1583.333, 1625, 1666.667, 1708.333, 1750, 1791.667, 1833.333, 1875, 1916.667, 1958.333, 2000, 2041.667, 2083.333, 2125, 2166.667, 2208.333, 2250, 2291.667, 2333.333, 2375, 2416.667, 2458.333, 2500, 2541.667, 2583.333, 2625, 2666.667, 2708.333, 2750, 2791.667, 2833.333, 2875, 2916.667, 2958.333, 3000, 3041.667, 3083.333, 3125, 3166.667, 3208.333, 3250, 3291.667, 3333.333, 3375, 3416.667, 3458.333, 3500, 3541.667, 3583.333, 3625, 3666.667, 3708.333, 3750, 3791.667, 3833.333, 3875, 3916.667, 3958.333, 4000, 4041.667, 4083.333, 4125, 4166.667, },
	transfs = {
		{ 1, 0, 0, 0, 0, 1, 0, 0, 0, 0, 1, 0, 0, 0, 0, 1, },
		{ 1, 0, 0, 0, 0, 1, 0, 0, 0, 0, 1, 0, 0.0058508301153779, 0, 0, 1, },
		{ 1, 0, 0, 0, 0, 1, 0, 0, 0, 0, 1, 0, 0.021229857578874, 0, 0, 1, },
		{ 1, 0, 0, 0, 0, 1, 0, 0, 0, 0, 1, 0, 0.042875364422798, 0, 0, 1, },
		{ 1, 0, 0, 0, 0, 1, 0, 0, 0, 0, 1, 0, 0.067526243627071, 0, 0, 1, },
		{ 1, 0, 0, 0, 0, 1, 0, 0, 0, 0, 1, 0, 0.091920770704746, 0, 0, 1, },
		{ 1, 0, 0, 0, 0, 1, 0, 0, 0, 0, 1, 0, 0.11341857910156, 0, 0, 1, },
		{ 1, 0, 0, 0, 0, 1, 0, 0, 0, 0, 1, 0, 0.13185851275921, 0, 0, 1, },
		{ 1, 0, 0, 0, 0, 1, 0, 0, 0, 0, 1, 0, 0.14770019054413, 0, 0, 1, },
		{ 1, 0, 0, 0, 0, 1, 0, 0, 0, 0, 1, 0, 0.16140380501747, 0, 0, 1, },
		{ 1, 0, 0, 0, 0, 1, 0, 0, 0, 0, 1, 0, 0.17342895269394, 0, 0, 1, },
		{ 0.99999767541885, 0, 0.0021616474259645, 0, 0, 1, 0, 0, -0.0021616474259645, 0, 0.99999767541885, 0, 0.18328429758549, 0, 0, 1, },
		{ 0.99996739625931, 0, 0.0080730402842164, 0, 0, 1, 0, 0, -0.0080730402842164, 0, 0.99996739625931, 0, 0.19313964247704, 0, 0, 1, },
		{ 0.99985760450363, 0, 0.016873432323337, 0, 0, 1, 0, 0, -0.016873432323337, 0, 0.99985760450363, 0, 0.19896849989891, 0, 0, 1, },
		{ 0.99961626529694, 0, 0.027701212093234, 0, 0, 1, 0, 0, -0.027701212093234, 0, 0.99961626529694, 0, 0.20479735732079, 0, 0, 1, },
		{ 0.99921190738678, 0, 0.039694052189589, 0, 0, 1, 0, 0, -0.039694052189589, 0, 0.99921190738678, 0, 0.20429626107216, 0, 0, 1, },
		{ 0.99864453077316, 0, 0.052049376070499, 0, 0, 1, 0, 0, -0.052049376070499, 0, 0.99864453077316, 0, 0.20379577577114, 0, 0, 1, },
		{ 0.99793672561646, 0, 0.064204022288322, 0, 0, 1, 0, 0, -0.064204022288322, 0, 0.99793672561646, 0, 0.20329467952251, 0, 0, 1, },
		{ 0.99713391065598, 0, 0.075655832886696, 0, 0, 1, 0, 0, -0.075655832886696, 0, 0.99713391065598, 0, 0.20279356837273, 0, 0, 1, },
		{ 0.99630337953568, 0, 0.085904732346535, 0, 0, 1, 0, 0, -0.085904732346535, 0, 0.99630337953568, 0, 0.20229308307171, 0, 0, 1, },
		{ 0.99552935361862, 0, 0.09445271641016, 0, 0, 1, 0, 0, -0.09445271641016, 0, 0.99552935361862, 0, 0.20179198682308, 0, 0, 1, },
		{ 0.99489325284958, 0, 0.10093245655298, 0, 0, 1, 0, 0, -0.10093245655298, 0, 0.99489325284958, 0, 0.20129089057446, 0, 0, 1, },
		{ 0.99442005157471, 0, 0.10549246519804, 0, 0, 1, 0, 0, -0.10549246519804, 0, 0.99442005157471, 0, 0.20079040527344, 0, 0, 1, },
		{ 0.99410629272461, 0, 0.10840933769941, 0, 0, 1, 0, 0, -0.10840933769941, 0, 0.99410629272461, 0, 0.20028930902481, 0, 0, 1, },
		{ 0.99393612146378, 0, 0.10995823889971, 0, 0, 1, 0, 0, -0.10995823889971, 0, 0.99393612146378, 0, 0.19978819787502, 0, 0, 1, },
		{ 0.99388563632965, 0, 0.11041367799044, 0, 0, 1, 0, 0, -0.11041367799044, 0, 0.99388563632965, 0, 0.19928771257401, 0, 0, 1, },
		{ 0.99395895004272, 0, 0.10975181311369, 0, 0, 1, 0, 0, -0.10975181311369, 0, 0.99395895004272, 0, 0.19878661632538, 0, 0, 1, },
		{ 0.99418646097183, 0, 0.10767138004303, 0, 0, 1, 0, 0, -0.10767138004303, 0, 0.99418646097183, 0, 0.19828552007675, 0, 0, 1, },
		{ 0.9945741891861, 0, 0.10402974486351, 0, 0, 1, 0, 0, -0.10402974486351, 0, 0.9945741891861, 0, 0.19778503477573, 0, 0, 1, },
		{ 0.99511879682541, 0, 0.098683349788189, 0, 0, 1, 0, 0, -0.098683349788189, 0, 0.99511879682541, 0, 0.19728393852711, 0, 0, 1, },
		{ 0.9958062171936, 0, 0.091487526893616, 0, 0, 1, 0, 0, -0.091487526893616, 0, 0.9958062171936, 0, 0.19678282737732, 0, 0, 1, },
		{ 0.99659878015518, 0, 0.082406938076019, 0, 0, 1, 0, 0, -0.082406938076019, 0, 0.99659878015518, 0, 0.1962823420763, 0, 0, 1, },
		{ 0.99741572141647, 0, 0.071846172213554, 0, 0, 1, 0, 0, -0.071846172213554, 0, 0.99741572141647, 0, 0.19578124582767, 0, 0, 1, },
		{ 0.99817895889282, 0, 0.06032157689333, 0, 0, 1, 0, 0, -0.06032157689333, 0, 0.99817895889282, 0, 0.19528014957905, 0, 0, 1, },
		{ 0.99883031845093, 0, 0.048351686447859, 0, 0, 1, 0, 0, -0.048351686447859, 0, 0.99883031845093, 0, 0.19477966427803, 0, 0, 1, },
		{ 0.99933516979218, 0, 0.036456722766161, 0, 0, 1, 0, 0, -0.036456722766161, 0, 0.99933516979218, 0, 0.19427855312824, 0, 0, 1, },
		{ 0.99968266487122, 0, 0.02518724091351, 0, 0, 1, 0, 0, -0.02518724091351, 0, 0.99968266487122, 0, 0.19377745687962, 0, 0, 1, },
		{ 0.99988430738449, 0, 0.015210704877973, 0, 0, 1, 0, 0, -0.015210704877973, 0, 0.99988430738449, 0, 0.1932769715786, 0, 0, 1, },
		{ 0.99997389316559, 0, 0.0072236149571836, 0, 0, 1, 0, 0, -0.0072236149571836, 0, 0.99997389316559, 0, 0.19277587532997, 0, 0, 1, },
		{ 0.99999809265137, 0, 0.0019216913497075, 0, 0, 1, 0, 0, -0.0019216913497075, 0, 0.99999809265137, 0, 0.18243102729321, 0, 0, 1, },
		{ 1, 0, 0, 0, 0, 1, 0, 0, 0, 0, 1, 0, 0.16993346810341, 0, 0, 1, },
		{ 1, 0, 0, 0, 0, 1, 0, 0, 0, 0, 1, 0, 0.15563781559467, 0, 0, 1, },
		{ 1, 0, 0, 0, 0, 1, 0, 0, 0, 0, 1, 0, 0.13987793028355, 0, 0, 1, },
		{ 1, 0, 0, 0, 0, 1, 0, 0, 0, 0, 1, 0, 0.12298522889614, 0, 0, 1, },
		{ 1, 0, 0, 0, 0, 1, 0, 0, 0, 0, 1, 0, 0.10528686642647, 0, 0, 1, },
		{ 1, 0, 0, 0, 0, 1, 0, 0, 0, 0, 1, 0, 0.087114252150059, 0, 0, 1, },
		{ 1, 0, 0, 0, 0, 1, 0, 0, 0, 0, 1, 0, 0.068767696619034, 0, 0, 1, },
		{ 1, 0, 0, 0, 0, 1, 0, 0, 0, 0, 1, 0, 0.050441894680262, 0, 0, 1, },
		{ 1, 0, 0, 0, 0, 1, 0, 0, 0, 0, 1, 0, 0.032301023602486, 0, 0, 1, },
		{ 1, 0, 0, 0, 0, 1, 0, 0, 0, 0, 1, 0, 0.014511718414724, 0, 0, 1, },
		{ 1, 0, 0, 0, 0, 1, 0, 0, 0, 0, 1, 0, -0.0027612303383648, 0, 0, 1, },
		{ 1, 0, 0, 0, 0, 1, 0, 0, 0, 0, 1, 0, -0.019461669027805, 0, 0, 1, },
		{ 1, 0, 0, 0, 0, 1, 0, 0, 0, 0, 1, 0, -0.035970456898212, 0, 0, 1, },
		{ 1, 0, 0, 0, 0, 1, 0, 0, 0, 0, 1, 0, -0.052775267511606, 0, 0, 1, },
		{ 1, 0, 0, 0, 0, 1, 0, 0, 0, 0, 1, 0, -0.070368647575378, 0, 0, 1, },
		{ 1, 0, 0, 0, 0, 1, 0, 0, 0, 0, 1, 0, -0.089239500463009, 0, 0, 1, },
		{ 1, 0, 0, 0, 0, 1, 0, 0, 0, 0, 1, 0, -0.10941588878632, 0, 0, 1, },
		{ 1, 0, 0, 0, 0, 1, 0, 0, 0, 0, 1, 0, -0.1290789693594, 0, 0, 1, },
		{ 1, 0, 0, 0, 0, 1, 0, 0, 0, 0, 1, 0, -0.14594726264477, 0, 0, 1, },
		{ 1, 0, 0, 0, 0, 1, 0, 0, 0, 0, 1, 0, -0.15774108469486, 0, 0, 1, },
		{ 1, 0, 0, 0, 0, 1, 0, 0, 0, 0, 1, 0, -0.15762695670128, 0, 0, 1, },
		{ 0.99998712539673, 0, -0.0050784754566848, 0, 0, 1, 0, 0, 0.0050784754566848, 0, 0.99998712539673, 0, -0.15751342475414, 0, 0, 1, },
		{ 0.99983447790146, 0, -0.018192026764154, 0, 0, 1, 0, 0, 0.018192026764154, 0, 0.99983447790146, 0, -0.1573992818594, 0, 0, 1, },
		{ 0.99934619665146, 0, -0.036154258996248, 0, 0, 1, 0, 0, 0.036154258996248, 0, 0.99934619665146, 0, -0.15728576481342, 0, 0, 1, },
		{ 0.99844336509705, 0, -0.05577540025115, 0, 0, 1, 0, 0, 0.05577540025115, 0, 0.99844336509705, 0, -0.15717162191868, 0, 0, 1, },
		{ 0.99726784229279, 0, -0.07387088239193, 0, 0, 1, 0, 0, 0.07387088239193, 0, 0.99726784229279, 0, -0.1570581048727, 0, 0, 1, },
		{ 0.99612408876419, 0, -0.087958641350269, 0, 0, 1, 0, 0, 0.087958641350269, 0, 0.99612408876419, 0, -0.15694396197796, 0, 0, 1, },
		{ 0.99515515565872, 0, -0.098316974937916, 0, 0, 1, 0, 0, 0.098316974937916, 0, 0.99515515565872, 0, -0.15683044493198, 0, 0, 1, },
		{ 0.99437570571899, 0, -0.10590934753418, 0, 0, 1, 0, 0, 0.10590934753418, 0, 0.99437570571899, 0, -0.15671630203724, 0, 0, 1, },
		{ 0.99374252557755, 0, -0.11169494688511, 0, 0, 1, 0, 0, 0.11169494688511, 0, 0.99374252557755, 0, -0.15660278499126, 0, 0, 1, },
		{ 0.99317544698715, 0, -0.11662967503071, 0, 0, 1, 0, 0, 0.11662967503071, 0, 0.99317544698715, 0, -0.15648864209652, 0, 0, 1, },
		{ 0.99259912967682, 0, -0.12143701314926, 0, 0, 1, 0, 0, 0.12143701314926, 0, 0.99259912967682, 0, -0.15637512505054, 0, 0, 1, },
		{ 0.99204051494598, 0, -0.12591908872128, 0, 0, 1, 0, 0, 0.12591908872128, 0, 0.99204051494598, 0, -0.1562609821558, 0, 0, 1, },
		{ 0.9915599822998, 0, -0.12964856624603, 0, 0, 1, 0, 0, 0.12964856624603, 0, 0.9915599822998, 0, -0.15614745020866, 0, 0, 1, },
		{ 0.99122321605682, 0, -0.13219891488552, 0, 0, 1, 0, 0, 0.13219891488552, 0, 0.99122321605682, 0, -0.15603332221508, 0, 0, 1, },
		{ 0.99109673500061, 0, -0.13314391672611, 0, 0, 1, 0, 0, 0.13314391672611, 0, 0.99109673500061, 0, -0.15591917932034, 0, 0, 1, },
		{ 0.99122595787048, 0, -0.13217788934708, 0, 0, 1, 0, 0, 0.13217788934708, 0, 0.99122595787048, 0, -0.15580566227436, 0, 0, 1, },
		{ 0.99157363176346, 0, -0.12954396009445, 0, 0, 1, 0, 0, 0.12954396009445, 0, 0.99157363176346, 0, -0.15569151937962, 0, 0, 1, },
		{ 0.99207609891891, 0, -0.12563782930374, 0, 0, 1, 0, 0, 0.12563782930374, 0, 0.99207609891891, 0, -0.15557800233364, 0, 0, 1, },
		{ 0.99267011880875, 0, -0.12085543572903, 0, 0, 1, 0, 0, 0.12085543572903, 0, 0.99267011880875, 0, -0.1554638594389, 0, 0, 1, },
		{ 0.99329662322998, 0, -0.11559311300516, 0, 0, 1, 0, 0, 0.11559311300516, 0, 0.99329662322998, 0, -0.15535034239292, 0, 0, 1, },
		{ 0.99392634630203, 0, -0.11004658788443, 0, 0, 1, 0, 0, 0.11004658788443, 0, 0.99392634630203, 0, -0.15523619949818, 0, 0, 1, },
		{ 0.99461859464645, 0, -0.10360410809517, 0, 0, 1, 0, 0, 0.10360410809517, 0, 0.99461859464645, 0, -0.1551226824522, 0, 0, 1, },
		{ 0.99543416500092, 0, -0.095450058579445, 0, 0, 1, 0, 0, 0.095450058579445, 0, 0.99543416500092, 0, -0.15500853955746, 0, 0, 1, },
		{ 0.99640089273453, 0, -0.084766060113907, 0, 0, 1, 0, 0, 0.084766060113907, 0, 0.99640089273453, 0, -0.15489502251148, 0, 0, 1, },
		{ 0.99749547243118, 0, -0.070730425417423, 0, 0, 1, 0, 0, 0.070730425417423, 0, 0.99749547243118, 0, -0.15478087961674, 0, 0, 1, },
		{ 0.99858677387238, 0, -0.053145550191402, 0, 0, 1, 0, 0, 0.053145550191402, 0, 0.99858677387238, 0, -0.1546673476696, 0, 0, 1, },
		{ 0.99941062927246, 0, -0.034325953572989, 0, 0, 1, 0, 0, 0.034325953572989, 0, 0.99941062927246, 0, -0.15455321967602, 0, 0, 1, },
		{ 0.99985164403915, 0, -0.017224453389645, 0, 0, 1, 0, 0, 0.017224453389645, 0, 0.99985164403915, 0, -0.15443968772888, 0, 0, 1, },
		{ 0.99998843669891, 0, -0.004797890316695, 0, 0, 1, 0, 0, 0.004797890316695, 0, 0.99998843669891, 0, -0.1543255597353, 0, 0, 1, },
		{ 1, 0, 0, 0, 0, 1, 0, 0, 0, 0, 1, 0, -0.15421202778816, 0, 0, 1, },
		{ 1, 0, 0, 0, 0, 1, 0, 0, 0, 0, 1, 0, -0.15409789979458, 0, 0, 1, },
		{ 1, 0, 0, 0, 0, 1, 0, 0, 0, 0, 1, 0, -0.14314392209053, 0, 0, 1, },
		{ 1, 0, 0, 0, 0, 1, 0, 0, 0, 0, 1, 0, -0.12687622010708, 0, 0, 1, },
		{ 1, 0, 0, 0, 0, 1, 0, 0, 0, 0, 1, 0, -0.10665954649448, 0, 0, 1, },
		{ 1, 0, 0, 0, 0, 1, 0, 0, 0, 0, 1, 0, -0.083859860897064, 0, 0, 1, },
		{ 1, 0, 0, 0, 0, 1, 0, 0, 0, 0, 1, 0, -0.060011595487595, 0, 0, 1, },
		{ 1, 0, 0, 0, 0, 1, 0, 0, 0, 0, 1, 0, -0.037322998046875, 0, 0, 1, },
		{ 1, 0, 0, 0, 0, 1, 0, 0, 0, 0, 1, 0, -0.018173826858401, 0, 0, 1, },
		{ 1, 0, 0, 0, 0, 1, 0, 0, 0, 0, 1, 0, -0.004939575213939, 0, 0, 1, },
		{ 1, 0, 0, 0, 0, 1, 0, 0, 0, 0, 1, 0, 0, 0, 0, 1, },
	},
}
end
