function data()
return {
	times = { 0, 41.667, 83.333, 125, 166.667, 208.333, 333.333, 375, 416.667, 458.333, 500, 541.667, 583.333, 625, 750, 791.667, 833.333, 875, 916.667, 958.333, 1000, 1041.667, 1166.667, 1208.333, 1250, 1291.667, 1333.333, 1375, 1416.667, 1458.333, 1500, 1541.667, 1583.333, 1625, 1666.667, 1708.333, 1750, 1791.667, 1833.333, 1916.667, 1958.333, 2000, 2041.667, 2083.333, 2125, 2166.667, 2208.333, 2250, 2291.667, 2333.333, 2375, 2416.667, 2458.333, 2500, 2541.667, 2583.333, 2625, 2666.667, 2708.333, 2750, 2791.667, 2833.333, 2875, 2916.667, 2958.333, 3000, 3041.667, 3083.333, 3125, 3166.667, 3208.333, 3250, 3291.667, 3333.333, 3375, 3416.667, 3458.333, 3500, 3541.667, 3583.333, 3625, 3666.667, 3708.333, 3750, 3791.667, 3833.333, 3875, 3916.667, 3958.333, 4000, 4041.667, 4083.333, 4125, 4166.667, },
	transfs = {
		{ 1, 0, 0, 0, 0, 1, 0, 0, 0, 0, 1, 0, 0, 0, 0, 1, },
		{ 0.99976891279221, 0, 0.02149311825633, 0, 0, 1, 0, 0, -0.02149311825633, 0, 0.99976891279221, 0, 0, 0, 0, 1, },
		{ 0.99735474586487, 0, 0.072687394917011, 0, 0, 1, 0, 0, -0.072687394917011, 0, 0.99735474586487, 0, 0, 0, 0, 1, },
		{ 0.9910449385643, 0, 0.13352893292904, 0, 0, 1, 0, 0, -0.13352893292904, 0, 0.9910449385643, 0, 0, 0, 0, 1, },
		{ 0.98290199041367, 0, 0.18412911891937, 0, 0, 1, 0, 0, -0.18412911891937, 0, 0.98290199041367, 0, 0, 0, 0, 1, },
		{ 0.97871750593185, 0, 0.20521220564842, 0, 0, 1, 0, 0, -0.20521220564842, 0, 0.97871750593185, 0, 0, 0, 0, 1, },
		{ 0.97879087924957, 0, 0.20486183464527, 0, 0, 1, 0, 0, -0.20486183464527, 0, 0.97879087924957, 0, 0, 0, 0, 1, },
		{ 0.97889125347137, 0, 0.20438167452812, 0, 0, 1, 0, 0, -0.20438167452812, 0, 0.97889125347137, 0, 0, 0, 0, 1, },
		{ 0.97905623912811, 0, 0.20358991622925, 0, 0, 1, 0, 0, -0.20358991622925, 0, 0.97905623912811, 0, 0, 0, 0, 1, },
		{ 0.97935003042221, 0, 0.20217201113701, 0, 0, 1, 0, 0, -0.20217201113701, 0, 0.97935003042221, 0, 0, 0, 0, 1, },
		{ 0.97975534200668, 0, 0.20019847154617, 0, 0, 1, 0, 0, -0.20019847154617, 0, 0.97975534200668, 0, 0, 0, 0, 1, },
		{ 0.98016792535782, 0, 0.19816875457764, 0, 0, 1, 0, 0, -0.19816875457764, 0, 0.98016792535782, 0, 0, 0, 0, 1, },
		{ 0.9804869890213, 0, 0.19658356904984, 0, 0, 1, 0, 0, -0.19658356904984, 0, 0.9804869890213, 0, 0, 0, 0, 1, },
		{ 0.98061513900757, 0, 0.19594372808933, 0, 0, 1, 0, 0, -0.19594372808933, 0, 0.98061513900757, 0, 0, 0, 0, 1, },
		{ 0.98049777746201, 0, 0.19652985036373, 0, 0, 1, 0, 0, -0.19652985036373, 0, 0.98049777746201, 0, 0, 0, 0, 1, },
		{ 0.98040437698364, 0, 0.19699555635452, 0, 0, 1, 0, 0, -0.19699555635452, 0, 0.98040437698364, 0, 0, 0, 0, 1, },
		{ 0.98028218746185, 0, 0.19760262966156, 0, 0, 1, 0, 0, -0.19760262966156, 0, 0.98028218746185, 0, 0, 0, 0, 1, },
		{ 0.9801332950592, 0, 0.19833996891975, 0, 0, 1, 0, 0, -0.19833996891975, 0, 0.9801332950592, 0, 0, 0, 0, 1, },
		{ 0.97997152805328, 0, 0.19913767278194, 0, 0, 1, 0, 0, -0.19913767278194, 0, 0.97997152805328, 0, 0, 0, 0, 1, },
		{ 0.9798139333725, 0, 0.19991132616997, 0, 0, 1, 0, 0, -0.19991132616997, 0, 0.9798139333725, 0, 0, 0, 0, 1, },
		{ 0.97967803478241, 0, 0.20057615637779, 0, 0, 1, 0, 0, -0.20057615637779, 0, 0.97967803478241, 0, 0, 0, 0, 1, },
		{ 0.97958135604858, 0, 0.20104779303074, 0, 0, 1, 0, 0, -0.20104779303074, 0, 0.97958135604858, 0, 0, 0, 0, 1, },
		{ 0.97948825359344, 0, 0.201500877738, 0, 0, 1, 0, 0, -0.201500877738, 0, 0.97948825359344, 0, 0, 0, 0, 1, },
		{ 0.97943031787872, 0, 0.20178240537643, 0, 0, 1, 0, 0, -0.20178240537643, 0, 0.97943031787872, 0, 0, 0, 0, 1, },
		{ 0.97930830717087, 0, 0.20237402617931, 0, 0, 1, 0, 0, -0.20237402617931, 0, 0.97930830717087, 0, 0, 0, 0, 1, },
		{ 0.97813642024994, 0, 0.20796416699886, 0, 0, 1, 0, 0, -0.20796416699886, 0, 0.97813642024994, 0, 0, 0, 0, 1, },
		{ 0.97516095638275, 0, 0.22149723768234, 0, 0, 1, 0, 0, -0.22149723768234, 0, 0.97516095638275, 0, 0, 0, 0, 1, },
		{ 0.9706517457962, 0, 0.2404894977808, 0, 0, 1, 0, 0, -0.2404894977808, 0, 0.9706517457962, 0, 0, 0, 0, 1, },
		{ 0.96494191884995, 0, 0.26246339082718, 0, 0, 1, 0, 0, -0.26246339082718, 0, 0.96494191884995, 0, 0, 0, 0, 1, },
		{ 0.95853471755981, 0, 0.28497576713562, 0, 0, 1, 0, 0, -0.28497576713562, 0, 0.95853471755981, 0, 0, 0, 0, 1, },
		{ 0.9520355463028, 0, 0.30598726868629, 0, 0, 1, 0, 0, -0.30598726868629, 0, 0.9520355463028, 0, 0, 0, 0, 1, },
		{ 0.94575017690659, 0, 0.32489475607872, 0, 0, 1, 0, 0, -0.32489475607872, 0, 0.94575017690659, 0, 0, 0, 0, 1, },
		{ 0.93989783525467, 0, 0.34145578742027, 0, 0, 1, 0, 0, -0.34145578742027, 0, 0.93989783525467, 0, 0, 0, 0, 1, },
		{ 0.93470120429993, 0, 0.3554345369339, 0, 0, 1, 0, 0, -0.3554345369339, 0, 0.93470120429993, 0, 0, 0, 0, 1, },
		{ 0.9303794503212, 0, 0.36659801006317, 0, 0, 1, 0, 0, -0.36659801006317, 0, 0.9303794503212, 0, 0, 0, 0, 1, },
		{ 0.92709398269653, 0, 0.37482887506485, 0, 0, 1, 0, 0, -0.37482887506485, 0, 0.92709398269653, 0, 0, 0, 0, 1, },
		{ 0.92479407787323, 0, 0.38046789169312, 0, 0, 1, 0, 0, -0.38046789169312, 0, 0.92479407787323, 0, 0, 0, 0, 1, },
		{ 0.92334979772568, 0, 0.38395971059799, 0, 0, 1, 0, 0, -0.38395971059799, 0, 0.92334979772568, 0, 0, 0, 0, 1, },
		{ 0.92260754108429, 0, 0.38573998212814, 0, 0, 1, 0, 0, -0.38573998212814, 0, 0.92260754108429, 0, 0, 0, 0, 1, },
		{ 0.92247229814529, 0, 0.38606306910515, 0, 0, 1, 0, 0, -0.38606306910515, 0, 0.92247229814529, 0, 0, 0, 0, 1, },
		{ 0.92298573255539, 0, 0.38483414053917, 0, 0, 1, 0, 0, -0.38483414053917, 0, 0.92298573255539, 0, 0, 0, 0, 1, },
		{ 0.92437088489532, 0, 0.38149499893188, 0, 0, 1, 0, 0, -0.38149499893188, 0, 0.92437088489532, 0, 0, 0, 0, 1, },
		{ 0.92703354358673, 0, 0.37497836351395, 0, 0, 1, 0, 0, -0.37497836351395, 0, 0.92703354358673, 0, 0, 0, 0, 1, },
		{ 0.93132293224335, 0, 0.36419430375099, 0, 0, 1, 0, 0, -0.36419430375099, 0, 0.93132293224335, 0, 0, 0, 0, 1, },
		{ 0.9398632645607, 0, 0.3415510058403, 0, 0, 1, 0, 0, -0.3415510058403, 0, 0.9398632645607, 0, 0, 0, 0, 1, },
		{ 0.95282429456711, 0, 0.30352222919464, 0, 0, 1, 0, 0, -0.30352222919464, 0, 0.95282429456711, 0, 0, 0, 0, 1, },
		{ 0.9668881893158, 0, 0.25520047545433, 0, 0, 1, 0, 0, -0.25520047545433, 0, 0.9668881893158, 0, 0, 0, 0, 1, },
		{ 0.97938615083694, 0, 0.20199674367905, 0, 0, 1, 0, 0, -0.20199674367905, 0, 0.97938615083694, 0, 0, 0, 0, 1, },
		{ 0.98873561620712, 0, 0.14967241883278, 0, 0, 1, 0, 0, -0.14967241883278, 0, 0.98873561620712, 0, 0, 0, 0, 1, },
		{ 0.9946631193161, 0, 0.10317575931549, 0, 0, 1, 0, 0, -0.10317575931549, 0, 0.9946631193161, 0, 0, 0, 0, 1, },
		{ 0.99799251556396, 0, 0.063331514596939, 0, 0, 1, 0, 0, -0.063331514596939, 0, 0.99799251556396, 0, 0, 0, 0, 1, },
		{ 0.99955463409424, 0, 0.029841443523765, 0, 0, 1, 0, 0, -0.029841443523765, 0, 0.99955463409424, 0, 0, 0, 0, 1, },
		{ 0.99999725818634, 0, 0.0023416557814926, 0, 0, 1, 0, 0, -0.0023416557814926, 0, 0.99999725818634, 0, 0, 0, 0, 1, },
		{ 0.99980849027634, 0, -0.019571270793676, 0, 0, 1, 0, 0, 0.019571270793676, 0, 0.99980849027634, 0, 0, 0, 0, 1, },
		{ 0.99933779239655, 0, -0.036384493112564, 0, 0, 1, 0, 0, 0.036384493112564, 0, 0.99933779239655, 0, 0, 0, 0, 1, },
		{ 0.99880647659302, 0, -0.048842553049326, 0, 0, 1, 0, 0, 0.048842553049326, 0, 0.99880647659302, 0, 0, 0, 0, 1, },
		{ 0.99833077192307, 0, -0.057754367589951, 0, 0, 1, 0, 0, 0.057754367589951, 0, 0.99833077192307, 0, 0, 0, 0, 1, },
		{ 0.99795442819595, 0, -0.063928127288818, 0, 0, 1, 0, 0, 0.063928127288818, 0, 0.99795442819595, 0, 0, 0, 0, 1, },
		{ 0.99767363071442, 0, -0.068170353770256, 0, 0, 1, 0, 0, 0.068170353770256, 0, 0.99767363071442, 0, 0, 0, 0, 1, },
		{ 0.99745428562164, 0, -0.071309171617031, 0, 0, 1, 0, 0, 0.071309171617031, 0, 0.99745428562164, 0, 0, 0, 0, 1, },
		{ 0.99723863601685, 0, -0.074263624846935, 0, 0, 1, 0, 0, 0.074263624846935, 0, 0.99723863601685, 0, 0, 0, 0, 1, },
		{ 0.99695527553558, 0, -0.077974833548069, 0, 0, 1, 0, 0, 0.077974833548069, 0, 0.99695527553558, 0, 0, 0, 0, 1, },
		{ 0.996517598629, 0, -0.083382785320282, 0, 0, 1, 0, 0, 0.083382785320282, 0, 0.996517598629, 0, 0, 0, 0, 1, },
		{ 0.9958119392395, 0, -0.091425076127052, 0, 0, 1, 0, 0, 0.091425076127052, 0, 0.9958119392395, 0, 0, 0, 0, 1, },
		{ 0.99473184347153, 0, -0.10251094400883, 0, 0, 1, 0, 0, 0.10251094400883, 0, 0.99473184347153, 0, 0, 0, 0, 1, },
		{ 0.99337089061737, 0, -0.11495293676853, 0, 0, 1, 0, 0, 0.11495293676853, 0, 0.99337089061737, 0, 0, 0, 0, 1, },
		{ 0.99196040630341, 0, -0.12654815614223, 0, 0, 1, 0, 0, 0.12654815614223, 0, 0.99196040630341, 0, 0, 0, 0, 1, },
		{ 0.99083119630814, 0, -0.1351056098938, 0, 0, 1, 0, 0, 0.1351056098938, 0, 0.99083119630814, 0, 0, 0, 0, 1, },
		{ 0.99037039279938, 0, -0.13844303786755, 0, 0, 1, 0, 0, 0.13844303786755, 0, 0.99037039279938, 0, 0, 0, 0, 1, },
		{ 0.99101364612579, 0, -0.13376072049141, 0, 0, 1, 0, 0, 0.13376072049141, 0, 0.99101364612579, 0, 0, 0, 0, 1, },
		{ 0.99255442619324, 0, -0.121801674366, 0, 0, 1, 0, 0, 0.121801674366, 0, 0.99255442619324, 0, 0, 0, 0, 1, },
		{ 0.99439817667007, 0, -0.1056987196207, 0, 0, 1, 0, 0, 0.1056987196207, 0, 0.99439817667007, 0, 0, 0, 0, 1, },
		{ 0.9960669875145, 0, -0.088602870702744, 0, 0, 1, 0, 0, 0.088602870702744, 0, 0.9960669875145, 0, 0, 0, 0, 1, },
		{ 0.99728137254715, 0, -0.073687396943569, 0, 0, 1, 0, 0, 0.073687396943569, 0, 0.99728137254715, 0, 0, 0, 0, 1, },
		{ 0.99799048900604, 0, -0.063364267349243, 0, 0, 1, 0, 0, 0.063364267349243, 0, 0.99799048900604, 0, 0, 0, 0, 1, },
		{ 0.99837726354599, 0, -0.056945897638798, 0, 0, 1, 0, 0, 0.056945897638798, 0, 0.99837726354599, 0, 0, 0, 0, 1, },
		{ 0.99859648942947, 0, -0.052963104099035, 0, 0, 1, 0, 0, 0.052963104099035, 0, 0.99859648942947, 0, 0, 0, 0, 1, },
		{ 0.99875199794769, 0, -0.04994323849678, 0, 0, 1, 0, 0, 0.04994323849678, 0, 0.99875199794769, 0, 0, 0, 0, 1, },
		{ 0.99892234802246, 0, -0.046412158757448, 0, 0, 1, 0, 0, 0.046412158757448, 0, 0.99892234802246, 0, 0, 0, 0, 1, },
		{ 0.99914807081223, 0, -0.041267242282629, 0, 0, 1, 0, 0, 0.041267242282629, 0, 0.99914807081223, 0, 0, 0, 0, 1, },
		{ 0.99939090013504, 0, -0.034895651042461, 0, 0, 1, 0, 0, 0.034895651042461, 0, 0.99939090013504, 0, 0, 0, 0, 1, },
		{ 0.99960631132126, 0, -0.02805764041841, 0, 0, 1, 0, 0, 0.02805764041841, 0, 0.99960631132126, 0, 0, 0, 0, 1, },
		{ 0.99976855516434, 0, -0.021514249965549, 0, 0, 1, 0, 0, 0.021514249965549, 0, 0.99976855516434, 0, 0, 0, 0, 1, },
		{ 0.99987155199051, 0, -0.016027012839913, 0, 0, 1, 0, 0, 0.016027012839913, 0, 0.99987155199051, 0, 0, 0, 0, 1, },
		{ 0.99992603063583, 0, -0.012155869975686, 0, 0, 1, 0, 0, 0.012155869975686, 0, 0.99992603063583, 0, 0, 0, 0, 1, },
		{ 0.99995338916779, 0, -0.0096537852659822, 0, 0, 1, 0, 0, 0.0096537852659822, 0, 0.99995338916779, 0, 0, 0, 0, 1, },
		{ 0.99996739625931, 0, -0.008071806281805, 0, 0, 1, 0, 0, 0.008071806281805, 0, 0.99996739625931, 0, 0, 0, 0, 1, },
		{ 0.99997574090958, 0, -0.0069608804769814, 0, 0, 1, 0, 0, 0.0069608804769814, 0, 0.99997574090958, 0, 0, 0, 0, 1, },
		{ 0.99998277425766, 0, -0.0058719264343381, 0, 0, 1, 0, 0, 0.0058719264343381, 0, 0.99998277425766, 0, 0, 0, 0, 1, },
		{ 0.99998992681503, 0, -0.0044755428098142, 0, 0, 1, 0, 0, 0.0044755428098142, 0, 0.99998992681503, 0, 0, 0, 0, 1, },
		{ 0.99999570846558, 0, -0.0029210927896202, 0, 0, 1, 0, 0, 0.0029210927896202, 0, 0.99999570846558, 0, 0, 0, 0, 1, },
		{ 0.99999886751175, 0, -0.0014776415191591, 0, 0, 1, 0, 0, 0.0014776415191591, 0, 0.99999886751175, 0, 0, 0, 0, 1, },
		{ 0.99999988079071, 0, -0.00041425487142988, 0, 0, 1, 0, 0, 0.00041425487142988, 0, 0.99999988079071, 0, 0, 0, 0, 1, },
		{ 1, 0, 0, 0, 0, 1, 0, 0, 0, 0, 1, 0, 0, 0, 0, 1, },
	},
}
end
