function data()
return {
	times = { 0, 41.667, 83.333, 125, 166.667, 208.333, 250, 291.667, 333.333, 375, 416.667, 458.333, 500, 541.667, 583.333, 625, 666.667, 708.333, 750, 791.667, 916.667, 958.333, 1000, 1041.667, 1083.333, 1125, 1166.667, 1208.333, 1250, 1291.667, 1333.333, 1375, 1416.667, 1458.333, 1500, 1541.667, 1583.333, 1625, 1666.667, 1708.333, 1750, 1791.667, 1833.333, 1875, 1916.667, 1958.333, 2000, 2041.667, 2083.333, 2125, 2166.667, 2208.333, 2250, 2291.667, 2333.333, 2375, 2416.667, 2458.333, 2500, 2541.667, 2583.333, 2625, 2666.667, 2708.333, 2750, 2791.667, 2833.333, 2875, 2916.667, 2958.333, 3000, 3041.667, 3083.333, 3125, 3166.667, 3208.333, 3250, 3291.667, 3333.333, 3375, 3416.667, 3458.333, 3500, 3541.667, 3583.333, 3625, 3666.667, 3708.333, 3750, 3791.667, 3833.333, 3875, 3916.667, 3958.333, 4000, 4041.667, 4083.333, 4125, 4166.667, },
	transfs = {
		{ 1, 0, 0, 0, 0, 1, 0, 0, 0, 0, 1, 0, 0, 0, 0, 1, },
		{ 0.99999886751175, 0, -0.0014744421932846, 0, 0, 1, 0, 0, 0.0014744421932846, 0, 0.99999886751175, 0, 0, 0, 0, 1, },
		{ 0.99998581409454, 0, -0.005325535312295, 0, 0, 1, 0, 0, 0.005325535312295, 0, 0.99998581409454, 0, 0, 0, 0, 1, },
		{ 0.99994277954102, 0, -0.010694827884436, 0, 0, 1, 0, 0, 0.010694827884436, 0, 0.99994277954102, 0, 0, 0, 0, 1, },
		{ 0.99986016750336, 0, -0.016723765060306, 0, 0, 1, 0, 0, 0.016723765060306, 0, 0.99986016750336, 0, 0, 0, 0, 1, },
		{ 0.99974554777145, 0, -0.022553864866495, 0, 0, 1, 0, 0, 0.022553864866495, 0, 0.99974554777145, 0, 0, 0, 0, 1, },
		{ 0.99961787462234, 0, -0.027642725035548, 0, 0, 1, 0, 0, 0.027642725035548, 0, 0.99961787462234, 0, 0, 0, 0, 1, },
		{ 0.99946486949921, 0, -0.032710995525122, 0, 0, 1, 0, 0, 0.032710995525122, 0, 0.99946486949921, 0, 0, 0, 0, 1, },
		{ 0.99924719333649, 0, -0.038794443011284, 0, 0, 1, 0, 0, 0.038794443011284, 0, 0.99924719333649, 0, 0, 0, 0, 1, },
		{ 0.99889820814133, 0, -0.046927839517593, 0, 0, 1, 0, 0, 0.046927839517593, 0, 0.99889820814133, 0, 0, 0, 0, 1, },
		{ 0.99830824136734, 0, -0.058143328875303, 0, 0, 1, 0, 0, 0.058143328875303, 0, 0.99830824136734, 0, 0, 0, 0, 1, },
		{ 0.99733173847198, 0, -0.073002934455872, 0, 0, 1, 0, 0, 0.073002934455872, 0, 0.99733173847198, 0, 0, 0, 0, 1, },
		{ 0.99592328071594, 0, -0.090203776955605, 0, 0, 1, 0, 0, 0.090203776955605, 0, 0.99592328071594, 0, 0, 0, 0, 1, },
		{ 0.99415296316147, 0, -0.10798092931509, 0, 0, 1, 0, 0, 0.10798092931509, 0, 0.99415296316147, 0, 0, 0, 0, 1, },
		{ 0.99220967292786, 0, -0.12457927316427, 0, 0, 1, 0, 0, 0.12457927316427, 0, 0.99220967292786, 0, 0, 0, 0, 1, },
		{ 0.99039626121521, 0, -0.13825789093971, 0, 0, 1, 0, 0, 0.13825789093971, 0, 0.99039626121521, 0, 0, 0, 0, 1, },
		{ 0.98902732133865, 0, -0.14773251116276, 0, 0, 1, 0, 0, 0.14773251116276, 0, 0.98902732133865, 0, 0, 0, 0, 1, },
		{ 0.9881494641304, 0, -0.15349446237087, 0, 0, 1, 0, 0, 0.15349446237087, 0, 0.9881494641304, 0, 0, 0, 0, 1, },
		{ 0.98768258094788, 0, -0.15647099912167, 0, 0, 1, 0, 0, 0.15647099912167, 0, 0.98768258094788, 0, 0, 0, 0, 1, },
		{ 0.98750561475754, 0, -0.1575835198164, 0, 0, 1, 0, 0, 0.1575835198164, 0, 0.98750561475754, 0, 0, 0, 0, 1, },
		{ 0.98752391338348, 0, -0.15746921300888, 0, 0, 1, 0, 0, 0.15746921300888, 0, 0.98752391338348, 0, 0, 0, 0, 1, },
		{ 0.98763012886047, 0, -0.15680125355721, 0, 0, 1, 0, 0, 0.15680125355721, 0, 0.98763012886047, 0, 0, 0, 0, 1, },
		{ 0.98783576488495, 0, -0.15550035238266, 0, 0, 1, 0, 0, 0.15550035238266, 0, 0.98783576488495, 0, 0, 0, 0, 1, },
		{ 0.9881711602211, 0, -0.15335495769978, 0, 0, 1, 0, 0, 0.15335495769978, 0, 0.9881711602211, 0, 0, 0, 0, 1, },
		{ 0.98880261182785, 0, -0.1492292881012, 0, 0, 1, 0, 0, 0.1492292881012, 0, 0.98880261182785, 0, 0, 0, 0, 1, },
		{ 0.98976159095764, 0, -0.1427306085825, 0, 0, 1, 0, 0, 0.1427306085825, 0, 0.98976159095764, 0, 0, 0, 0, 1, },
		{ 0.990877866745, 0, -0.13476295769215, 0, 0, 1, 0, 0, 0.13476295769215, 0, 0.990877866745, 0, 0, 0, 0, 1, },
		{ 0.99200057983398, 0, -0.12623336911201, 0, 0, 1, 0, 0, 0.12623336911201, 0, 0.99200057983398, 0, 0, 0, 0, 1, },
		{ 0.9930072426796, 0, -0.11805304884911, 0, 0, 1, 0, 0, 0.11805304884911, 0, 0.9930072426796, 0, 0, 0, 0, 1, },
		{ 0.99383723735809, 0, -0.11084844917059, 0, 0, 1, 0, 0, 0.11084844917059, 0, 0.99383723735809, 0, 0, 0, 0, 1, },
		{ 0.99456757307053, 0, -0.10409301519394, 0, 0, 1, 0, 0, 0.10409301519394, 0, 0.99456757307053, 0, 0, 0, 0, 1, },
		{ 0.99528729915619, 0, -0.096969462931156, 0, 0, 1, 0, 0, 0.096969462931156, 0, 0.99528729915619, 0, 0, 0, 0, 1, },
		{ 0.99606204032898, 0, -0.088658057153225, 0, 0, 1, 0, 0, 0.088658057153225, 0, 0.99606204032898, 0, 0, 0, 0, 1, },
		{ 0.99692696332932, 0, -0.0783366933465, 0, 0, 1, 0, 0, 0.0783366933465, 0, 0.99692696332932, 0, 0, 0, 0, 1, },
		{ 0.99787658452988, 0, -0.065133482217789, 0, 0, 1, 0, 0, 0.065133482217789, 0, 0.99787658452988, 0, 0, 0, 0, 1, },
		{ 0.99884802103043, 0, -0.047985453158617, 0, 0, 1, 0, 0, 0.047985453158617, 0, 0.99884802103043, 0, 0, 0, 0, 1, },
		{ 0.99966758489609, 0, -0.025781275704503, 0, 0, 1, 0, 0, 0.025781275704503, 0, 0.99966758489609, 0, 0, 0, 0, 1, },
		{ 0.99999660253525, 0, 0.0025852734688669, 0, 0, 1, 0, 0, -0.0025852734688669, 0, 0.99999660253525, 0, 0, 0, 0, 1, },
		{ 0.99927008152008, 0, 0.038200702518225, 0, 0, 1, 0, 0, -0.038200702518225, 0, 0.99927008152008, 0, 0, 0, 0, 1, },
		{ 0.99670475721359, 0, 0.08111434429884, 0, 0, 1, 0, 0, -0.08111434429884, 0, 0.99670475721359, 0, 0, 0, 0, 1, },
		{ 0.9918560385704, 0, 0.12736384570599, 0, 0, 1, 0, 0, -0.12736384570599, 0, 0.9918560385704, 0, 0, 0, 0, 1, },
		{ 0.98509275913239, 0, 0.17202408611774, 0, 0, 1, 0, 0, -0.17202408611774, 0, 0.98509275913239, 0, 0, 0, 0, 1, },
		{ 0.97763806581497, 0, 0.21029442548752, 0, 0, 1, 0, 0, -0.21029442548752, 0, 0.97763806581497, 0, 0, 0, 0, 1, },
		{ 0.97137606143951, 0, 0.23754672706127, 0, 0, 1, 0, 0, -0.23754672706127, 0, 0.97137606143951, 0, 0, 0, 0, 1, },
		{ 0.96721172332764, 0, 0.25397121906281, 0, 0, 1, 0, 0, -0.25397121906281, 0, 0.96721172332764, 0, 0, 0, 0, 1, },
		{ 0.96455049514771, 0, 0.26389837265015, 0, 0, 1, 0, 0, -0.26389837265015, 0, 0.96455049514771, 0, 0, 0, 0, 1, },
		{ 0.96314430236816, 0, 0.2689853310585, 0, 0, 1, 0, 0, -0.2689853310585, 0, 0.96314430236816, 0, 0, 0, 0, 1, },
		{ 0.96261936426163, 0, 0.27085760235786, 0, 0, 1, 0, 0, -0.27085760235786, 0, 0.96261936426163, 0, 0, 0, 0, 1, },
		{ 0.96254414319992, 0, 0.27112504839897, 0, 0, 1, 0, 0, -0.27112504839897, 0, 0.96254414319992, 0, 0, 0, 0, 1, },
		{ 0.9643542766571, 0, 0.26461443305016, 0, 0, 1, 0, 0, -0.26461443305016, 0, 0.9643542766571, 0, 0, 0, 0, 1, },
		{ 0.96901971101761, 0, 0.24698334932327, 0, 0, 1, 0, 0, -0.24698334932327, 0, 0.96901971101761, 0, 0, 0, 0, 1, },
		{ 0.97526067495346, 0, 0.22105769813061, 0, 0, 1, 0, 0, -0.22105769813061, 0, 0.97526067495346, 0, 0, 0, 0, 1, },
		{ 0.98184245824814, 0, 0.18969818949699, 0, 0, 1, 0, 0, -0.18969818949699, 0, 0.98184245824814, 0, 0, 0, 0, 1, },
		{ 0.98778110742569, 0, 0.15584735572338, 0, 0, 1, 0, 0, -0.15584735572338, 0, 0.98778110742569, 0, 0, 0, 0, 1, },
		{ 0.99248141050339, 0, 0.12239547073841, 0, 0, 1, 0, 0, -0.12239547073841, 0, 0.99248141050339, 0, 0, 0, 0, 1, },
		{ 0.99578332901001, 0, 0.091736264526844, 0, 0, 1, 0, 0, -0.091736264526844, 0, 0.99578332901001, 0, 0, 0, 0, 1, },
		{ 0.99781024456024, 0, 0.066141687333584, 0, 0, 1, 0, 0, -0.066141687333584, 0, 0.99781024456024, 0, 0, 0, 0, 1, },
		{ 0.99885326623917, 0, 0.047876592725515, 0, 0, 1, 0, 0, -0.047876592725515, 0, 0.99885326623917, 0, 0, 0, 0, 1, },
		{ 0.99923181533813, 0, 0.039187971502542, 0, 0, 1, 0, 0, -0.039187971502542, 0, 0.99923181533813, 0, 0, 0, 0, 1, },
		{ 0.99931061267853, 0, 0.037125963717699, 0, 0, 1, 0, 0, -0.037125963717699, 0, 0.99931061267853, 0, 0, 0, 0, 1, },
		{ 0.99933075904846, 0, 0.036578867584467, 0, 0, 1, 0, 0, -0.036578867584467, 0, 0.99933075904846, 0, 0, 0, 0, 1, },
		{ 0.99933230876923, 0, 0.036536794155836, 0, 0, 1, 0, 0, -0.036536794155836, 0, 0.99933230876923, 0, 0, 0, 0, 1, },
		{ 0.99935215711594, 0, 0.035989675670862, 0, 0, 1, 0, 0, -0.035989675670862, 0, 0.99935215711594, 0, 0, 0, 0, 1, },
		{ 0.99942421913147, 0, 0.03392743319273, 0, 0, 1, 0, 0, -0.03392743319273, 0, 0.99942421913147, 0, 0, 0, 0, 1, },
		{ 0.99982172250748, 0, 0.018878666684031, 0, 0, 1, 0, 0, -0.018878666684031, 0, 0.99982172250748, 0, 0, 0, 0, 1, },
		{ 0.9999190568924, 0, -0.012723257765174, 0, 0, 1, 0, 0, 0.012723257765174, 0, 0.9999190568924, 0, 0, 0, 0, 1, },
		{ 0.9987496137619, 0, -0.049992185086012, 0, 0, 1, 0, 0, 0.049992185086012, 0, 0.9987496137619, 0, 0, 0, 0, 1, },
		{ 0.99662959575653, 0, -0.082033112645149, 0, 0, 1, 0, 0, 0.082033112645149, 0, 0.99662959575653, 0, 0, 0, 0, 1, },
		{ 0.99518251419067, 0, -0.098039768636227, 0, 0, 1, 0, 0, 0.098039768636227, 0, 0.99518251419067, 0, 0, 0, 0, 1, },
		{ 0.99482274055481, 0, -0.10162554681301, 0, 0, 1, 0, 0, 0.10162554681301, 0, 0.99482274055481, 0, 0, 0, 0, 1, },
		{ 0.99459820985794, 0, -0.1037998944521, 0, 0, 1, 0, 0, 0.1037998944521, 0, 0.99459820985794, 0, 0, 0, 0, 1, },
		{ 0.99448102712631, 0, -0.10491624474525, 0, 0, 1, 0, 0, 0.10491624474525, 0, 0.99448102712631, 0, 0, 0, 0, 1, },
		{ 0.99443757534027, 0, -0.10532753914595, 0, 0, 1, 0, 0, 0.10532753914595, 0, 0.99443757534027, 0, 0, 0, 0, 1, },
		{ 0.99443131685257, 0, -0.10538627207279, 0, 0, 1, 0, 0, 0.10538627207279, 0, 0.99443131685257, 0, 0, 0, 0, 1, },
		{ 0.99520719051361, 0, -0.097788229584694, 0, 0, 1, 0, 0, 0.097788229584694, 0, 0.99520719051361, 0, 0, 0, 0, 1, },
		{ 0.99682307243347, 0, -0.079647704958916, 0, 0, 1, 0, 0, 0.079647704958916, 0, 0.99682307243347, 0, 0, 0, 0, 1, },
		{ 0.99831873178482, 0, -0.057962030172348, 0, 0, 1, 0, 0, 0.057962030172348, 0, 0.99831873178482, 0, 0, 0, 0, 1, },
		{ 0.99920880794525, 0, -0.039771441370249, 0, 0, 1, 0, 0, 0.039771441370249, 0, 0.99920880794525, 0, 0, 0, 0, 1, },
		{ 0.99948334693909, 0, -0.032138854265213, 0, 0, 1, 0, 0, 0.032138854265213, 0, 0.99948334693909, 0, 0, 0, 0, 1, },
		{ 0.99940329790115, 0, -0.034540437161922, 0, 0, 1, 0, 0, 0.034540437161922, 0, 0.99940329790115, 0, 0, 0, 0, 1, },
		{ 0.99918895959854, 0, -0.040266457945108, 0, 0, 1, 0, 0, 0.040266457945108, 0, 0.99918895959854, 0, 0, 0, 0, 1, },
		{ 0.99889022111893, 0, -0.047099005430937, 0, 0, 1, 0, 0, 0.047099005430937, 0, 0.99889022111893, 0, 0, 0, 0, 1, },
		{ 0.99860394001007, 0, -0.052821893244982, 0, 0, 1, 0, 0, 0.052821893244982, 0, 0.99860394001007, 0, 0, 0, 0, 1, },
		{ 0.99847412109375, 0, -0.055221300572157, 0, 0, 1, 0, 0, 0.055221300572157, 0, 0.99847412109375, 0, 0, 0, 0, 1, },
		{ 0.99857932329178, 0, -0.053284484893084, 0, 0, 1, 0, 0, 0.053284484893084, 0, 0.99857932329178, 0, 0, 0, 0, 1, },
		{ 0.99883723258972, 0, -0.048209689557552, 0, 0, 1, 0, 0, 0.048209689557552, 0, 0.99883723258972, 0, 0, 0, 0, 1, },
		{ 0.99915498495102, 0, -0.041100271046162, 0, 0, 1, 0, 0, 0.041100271046162, 0, 0.99915498495102, 0, 0, 0, 0, 1, },
		{ 0.99945336580276, 0, -0.033060632646084, 0, 0, 1, 0, 0, 0.033060632646084, 0, 0.99945336580276, 0, 0, 0, 0, 1, },
		{ 0.99968248605728, 0, -0.025196626782417, 0, 0, 1, 0, 0, 0.025196626782417, 0, 0.99968248605728, 0, 0, 0, 0, 1, },
		{ 0.99983030557632, 0, -0.018420573323965, 0, 0, 1, 0, 0, 0.018420573323965, 0, 0.99983030557632, 0, 0, 0, 0, 1, },
		{ 0.99991720914841, 0, -0.012866506353021, 0, 0, 1, 0, 0, 0.012866506353021, 0, 0.99991720914841, 0, 0, 0, 0, 1, },
		{ 0.99996411800385, 0, -0.0084735136479139, 0, 0, 1, 0, 0, 0.0084735136479139, 0, 0.99996411800385, 0, 0, 0, 0, 1, },
		{ 0.99998658895493, 0, -0.0051804422400892, 0, 0, 1, 0, 0, 0.0051804422400892, 0, 0.99998658895493, 0, 0, 0, 0, 1, },
		{ 0.99999570846558, 0, -0.0029259906150401, 0, 0, 1, 0, 0, 0.0029259906150401, 0, 0.99999570846558, 0, 0, 0, 0, 1, },
		{ 0.99999886751175, 0, -0.0014981086133048, 0, 0, 1, 0, 0, 0.0014981086133048, 0, 0.99999886751175, 0, 0, 0, 0, 1, },
		{ 0.99999976158142, 0, -0.00063201470766217, 0, 0, 1, 0, 0, 0.00063201470766217, 0, 0.99999976158142, 0, 0, 0, 0, 1, },
		{ 1, 0, -0.00018726399866864, 0, 0, 1, 0, 0, 0.00018726399866864, 0, 1, 0, 0, 0, 0, 1, },
		{ 1, 0, -2.3408094421029e-05, 0, 0, 1, 0, 0, 2.3408094421029e-05, 0, 1, 0, 0, 0, 0, 1, },
		{ 1, 0, 0, 0, 0, 1, 0, 0, 0, 0, 1, 0, 0, 0, 0, 1, },
	},
}
end
