function data()
return {
	times = { 0, 41.667, 83.333, 125, 166.667, 208.333, 250, 291.667, 333.333, 375, 458.333, 625, 666.667, 708.333, 750, 791.667, 833.333, 875, 916.667, 1000, 1041.667, 1083.333, 1125, 1166.667, 1208.333, 1250, 1291.667, 1333.333, 1375, 1416.667, 1458.333, 1500, 1541.667, 1583.333, 1625, 1666.667, 1708.333, 1750, 1791.667, 1833.333, 1875, 1916.667, 1958.333, 2000, 2041.667, 2083.333, 2125, 2166.667, 2208.333, 2250, 2291.667, 2333.333, 2375, 2416.667, 2458.333, 2500, 2541.667, 2583.333, 2625, 2666.667, 2708.333, 2750, 2791.667, 2833.333, 2875, 2916.667, 2958.333, 3000, 3041.667, 3083.333, 3125, 3166.667, 3208.333, 3250, 3291.667, 3333.333, 3416.667, 3500, 3541.667, 3583.333, 3625, 3666.667, 3708.333, 3750, 3791.667, 3833.333, 3875, 3958.333, 4041.667, 4125, 4166.667, },
	transfs = {
		{ 1, 0, 0, 0, 0, 1, 0, 0, 0, 0, 1, 0, 0, 0, 0, 1, },
		{ 0.99998313188553, 0, 0.0058071408420801, 0, 0, 1, 0, 0, -0.0058071408420801, 0, 0.99998313188553, 0, -0.0056097409687936, 0, 0, 1, },
		{ 0.99980354309082, 0, 0.019817726686597, 0, 0, 1, 0, 0, -0.019817726686597, 0, 0.99980354309082, 0, -0.020354613661766, 0, 0, 1, },
		{ 0.99931842088699, 0, 0.036912649869919, 0, 0, 1, 0, 0, -0.036912649869919, 0, 0.99931842088699, 0, -0.041108395904303, 0, 0, 1, },
		{ 0.99864834547043, 0, 0.051975280046463, 0, 0, 1, 0, 0, -0.051975280046463, 0, 0.99864834547043, 0, -0.064745478332043, 0, 0, 1, },
		{ 0.99820429086685, 0, 0.059901677072048, 0, 0, 1, 0, 0, -0.059901677072048, 0, 0.99820429086685, 0, -0.088138423860073, 0, 0, 1, },
		{ 0.99807214736938, 0, 0.062064804136753, 0, 0, 1, 0, 0, -0.062064804136753, 0, 0.99807214736938, 0, -0.10869933664799, 0, 0, 1, },
		{ 0.99798965454102, 0, 0.063376747071743, 0, 0, 1, 0, 0, -0.063376747071743, 0, 0.99798965454102, 0, -0.12598937749863, 0, 0, 1, },
		{ 0.99794667959213, 0, 0.064050391316414, 0, 0, 1, 0, 0, -0.064050391316414, 0, 0.99794667959213, 0, -0.14010497927666, 0, 0, 1, },
		{ 0.99793064594269, 0, 0.064298585057259, 0, 0, 1, 0, 0, -0.064298585057259, 0, 0.99793064594269, 0, -0.15114623308182, 0, 0, 1, },
		{ 0.99793374538422, 0, 0.064251258969307, 0, 0, 1, 0, 0, -0.064251258969307, 0, 0.99793374538422, 0, -0.16449584066868, 0, 0, 1, },
		{ 0.99793982505798, 0, 0.064156599342823, 0, 0, 1, 0, 0, -0.064156599342823, 0, 0.99793982505798, 0, -0.17079101502895, 0, 0, 1, },
		{ 0.99793213605881, 0, 0.06427575647831, 0, 0, 1, 0, 0, -0.06427575647831, 0, 0.99793213605881, 0, -0.17236450314522, 0, 0, 1, },
		{ 0.99791234731674, 0, 0.064582549035549, 0, 0, 1, 0, 0, -0.064582549035549, 0, 0.99791234731674, 0, -0.17393858730793, 0, 0, 1, },
		{ 0.99788522720337, 0, 0.065000966191292, 0, 0, 1, 0, 0, -0.065000966191292, 0, 0.99788522720337, 0, -0.17551207542419, 0, 0, 1, },
		{ 0.99785554409027, 0, 0.065454952418804, 0, 0, 1, 0, 0, -0.065454952418804, 0, 0.99785554409027, 0, -0.1742053180933, 0, 0, 1, },
		{ 0.99782830476761, 0, 0.065868504345417, 0, 0, 1, 0, 0, -0.065868504345417, 0, 0.99782830476761, 0, -0.17289917171001, 0, 0, 1, },
		{ 0.99780762195587, 0, 0.066181115806103, 0, 0, 1, 0, 0, -0.066181115806103, 0, 0.99780762195587, 0, -0.17159239947796, 0, 0, 1, },
		{ 0.99779337644577, 0, 0.066394463181496, 0, 0, 1, 0, 0, -0.066394463181496, 0, 0.99779337644577, 0, -0.17028564214706, 0, 0, 1, },
		{ 0.99778026342392, 0, 0.066591717302799, 0, 0, 1, 0, 0, -0.066591717302799, 0, 0.99778026342392, 0, -0.16767272353172, 0, 0, 1, },
		{ 0.99777907133102, 0, 0.0666099563241, 0, 0, 1, 0, 0, -0.0666099563241, 0, 0.99777907133102, 0, -0.16636596620083, 0, 0, 1, },
		{ 0.99779796600342, 0, 0.066326893866062, 0, 0, 1, 0, 0, -0.066326893866062, 0, 0.99779796600342, 0, -0.16505919396877, 0, 0, 1, },
		{ 0.99784255027771, 0, 0.065651915967464, 0, 0, 1, 0, 0, -0.065651915967464, 0, 0.99784255027771, 0, -0.16375304758549, 0, 0, 1, },
		{ 0.99789518117905, 0, 0.0648462921381, 0, 0, 1, 0, 0, -0.0648462921381, 0, 0.99789518117905, 0, -0.16244629025459, 0, 0, 1, },
		{ 0.99793887138367, 0, 0.064171262085438, 0, 0, 1, 0, 0, -0.064171262085438, 0, 0.99793887138367, 0, -0.15625, 0, 0, 1, },
		{ 0.99795705080032, 0, 0.063888169825077, 0, 0, 1, 0, 0, -0.063888169825077, 0, 0.99795705080032, 0, -0.15005370974541, 0, 0, 1, },
		{ 0.99787366390228, 0, 0.065178222954273, 0, 0, 1, 0, 0, -0.065178222954273, 0, 0.99787366390228, 0, -0.14552246034145, 0, 0, 1, },
		{ 0.99764221906662, 0, 0.068628720939159, 0, 0, 1, 0, 0, -0.068628720939159, 0, 0.99764221906662, 0, -0.1409912109375, 0, 0, 1, },
		{ 0.9972870349884, 0, 0.073609761893749, 0, 0, 1, 0, 0, -0.073609761893749, 0, 0.9972870349884, 0, -0.13645996153355, 0, 0, 1, },
		{ 0.99683552980423, 0, 0.079491503536701, 0, 0, 1, 0, 0, -0.079491503536701, 0, 0.99683552980423, 0, -0.1329632550478, 0, 0, 1, },
		{ 0.99632573127747, 0, 0.085644848644733, 0, 0, 1, 0, 0, -0.085644848644733, 0, 0.99632573127747, 0, -0.12946654856205, 0, 0, 1, },
		{ 0.99580401182175, 0, 0.091511383652687, 0, 0, 1, 0, 0, -0.091511383652687, 0, 0.99580401182175, 0, -0.1259698420763, 0, 0, 1, },
		{ 0.99530267715454, 0, 0.096812382340431, 0, 0, 1, 0, 0, -0.096812382340431, 0, 0.99530267715454, 0, -0.12247314304113, 0, 0, 1, },
		{ 0.9948518872261, 0, 0.10133919864893, 0, 0, 1, 0, 0, -0.10133919864893, 0, 0.9948518872261, 0, -0.11654052138329, 0, 0, 1, },
		{ 0.99448448419571, 0, 0.10488364100456, 0, 0, 1, 0, 0, -0.10488364100456, 0, 0.99448448419571, 0, -0.11060851812363, 0, 0, 1, },
		{ 0.99423342943192, 0, 0.10723754763603, 0, 0, 1, 0, 0, -0.10723754763603, 0, 0.99423342943192, 0, -0.10467590391636, 0, 0, 1, },
		{ 0.99408429861069, 0, 0.1086113974452, 0, 0, 1, 0, 0, -0.1086113974452, 0, 0.99408429861069, 0, -0.095405884087086, 0, 0, 1, },
		{ 0.99399292469025, 0, 0.10944460332394, 0, 0, 1, 0, 0, -0.10944460332394, 0, 0.99399292469025, 0, -0.084415890276432, 0, 0, 1, },
		{ 0.99394571781158, 0, 0.10987247526646, 0, 0, 1, 0, 0, -0.10987247526646, 0, 0.99394571781158, 0, -0.071972042322159, 0, 0, 1, },
		{ 0.99394106864929, 0, 0.10991394519806, 0, 0, 1, 0, 0, -0.10991394519806, 0, 0.99394106864929, 0, -0.058340452611446, 0, 0, 1, },
		{ 0.99393653869629, 0, 0.10995541512966, 0, 0, 1, 0, 0, -0.10995541512966, 0, 0.99393653869629, 0, -0.043784789741039, 0, 0, 1, },
		{ 0.99393194913864, 0, 0.10999687761068, 0, 0, 1, 0, 0, -0.10999687761068, 0, 0.99393194913864, 0, -0.028546141460538, 0, 0, 1, },
		{ 0.99397498369217, 0, 0.10960715264082, 0, 0, 1, 0, 0, -0.10960715264082, 0, 0.99397498369217, 0, -0.0127606196329, 0, 0, 1, },
		{ 0.99409109354019, 0, 0.10854904353619, 0, 0, 1, 0, 0, -0.10854904353619, 0, 0.99409109354019, 0, 0.0034606931731105, 0, 0, 1, },
		{ 0.99431395530701, 0, 0.10648827254772, 0, 0, 1, 0, 0, -0.10648827254772, 0, 0.99431395530701, 0, 0.020007323473692, 0, 0, 1, },
		{ 0.99467206001282, 0, 0.10308975726366, 0, 0, 1, 0, 0, -0.10308975726366, 0, 0.99467206001282, 0, 0.036770019680262, 0, 0, 1, },
		{ 0.99530553817749, 0, 0.096782669425011, 0, 0, 1, 0, 0, -0.096782669425011, 0, 0.99530553817749, 0, 0.053665161132813, 0, 0, 1, },
		{ 0.99619996547699, 0, 0.087094768881798, 0, 0, 1, 0, 0, -0.087094768881798, 0, 0.99619996547699, 0, 0.070716552436352, 0, 0, 1, },
		{ 0.99715787172318, 0, 0.075340732932091, 0, 0, 1, 0, 0, -0.075340732932091, 0, 0.99715787172318, 0, 0.087979733943939, 0, 0, 1, },
		{ 0.99802362918854, 0, 0.062840186059475, 0, 0, 1, 0, 0, -0.062840186059475, 0, 0.99802362918854, 0, 0.10550659149885, 0, 0, 1, },
		{ 0.99870282411575, 0, 0.05091780424118, 0, 0, 1, 0, 0, -0.05091780424118, 0, 0.99870282411575, 0, 0.12335143983364, 0, 0, 1, },
		{ 0.99917352199554, 0, 0.040647774934769, 0, 0, 1, 0, 0, -0.040647774934769, 0, 0.99917352199554, 0, 0.14141662418842, 0, 0, 1, },
		{ 0.9994849562645, 0, 0.032088804990053, 0, 0, 1, 0, 0, -0.032088804990053, 0, 0.9994849562645, 0, 0.15900328755379, 0, 0, 1, },
		{ 0.99968630075455, 0, 0.025044277310371, 0, 0, 1, 0, 0, -0.025044277310371, 0, 0.99968630075455, 0, 0.17526061832905, 0, 0, 1, },
		{ 0.99981343746185, 0, 0.019316548481584, 0, 0, 1, 0, 0, -0.019316548481584, 0, 0.99981343746185, 0, 0.18934264779091, 0, 0, 1, },
		{ 0.99989175796509, 0, 0.014707389287651, 0, 0, 1, 0, 0, -0.014707389287651, 0, 0.99989175796509, 0, 0.19860534369946, 0, 0, 1, },
		{ 0.99993908405304, 0, 0.011036845855415, 0, 0, 1, 0, 0, -0.011036845855415, 0, 0.99993908405304, 0, 0.20786742866039, 0, 0, 1, },
		{ 0.99996638298035, 0, 0.0081992419436574, 0, 0, 1, 0, 0, -0.0081992419436574, 0, 0.99996638298035, 0, 0.20974975824356, 0, 0, 1, },
		{ 0.99998134374619, 0, 0.0061074430122972, 0, 0, 1, 0, 0, -0.0061074430122972, 0, 0.99998134374619, 0, 0.21163207292557, 0, 0, 1, },
		{ 0.99998909235001, 0, 0.0046742483973503, 0, 0, 1, 0, 0, -0.0046742483973503, 0, 0.99998909235001, 0, 0.21351379156113, 0, 0, 1, },
		{ 0.99999272823334, 0, 0.0038124416023493, 0, 0, 1, 0, 0, -0.0038124416023493, 0, 0.99999272823334, 0, 0.21539610624313, 0, 0, 1, },
		{ 0.99999421834946, 0, 0.0033946176990867, 0, 0, 1, 0, 0, -0.0033946176990867, 0, 0.99999421834946, 0, 0.2172784358263, 0, 0, 1, },
		{ 0.99999511241913, 0, 0.0031327060423791, 0, 0, 1, 0, 0, -0.0031327060423791, 0, 0.99999511241913, 0, 0.21916076540947, 0, 0, 1, },
		{ 0.99999636411667, 0, 0.0026984626892954, 0, 0, 1, 0, 0, -0.0026984626892954, 0, 0.99999636411667, 0, 0.21780395507813, 0, 0, 1, },
		{ 0.99999839067459, 0, 0.0017636445118114, 0, 0, 1, 0, 0, -0.0017636445118114, 0, 0.99999839067459, 0, 0.21644775569439, 0, 0, 1, },
		{ 1, 0, 0, 0, 0, 1, 0, 0, 0, 0, 1, 0, 0.21509093046188, 0, 0, 1, },
		{ 0.99999558925629, 0, -0.0029418321792036, 0, 0, 1, 0, 0, 0.0029418321792036, 0, 0.99999558925629, 0, 0.21373473107815, 0, 0, 1, },
		{ 0.99997788667679, 0, -0.0066488943994045, 0, 0, 1, 0, 0, 0.0066488943994045, 0, 0.99997788667679, 0, 0.2123779207468, 0, 0, 1, },
		{ 0.99994689226151, 0, -0.010305958800018, 0, 0, 1, 0, 0, 0.010305958800018, 0, 0.99994689226151, 0, 0.21102172136307, 0, 0, 1, },
		{ 0.99991422891617, 0, -0.013097885996103, 0, 0, 1, 0, 0, 0.013097885996103, 0, 0.99991422891617, 0, 0.20966491103172, 0, 0, 1, },
		{ 0.99989902973175, 0, -0.014209643937647, 0, 0, 1, 0, 0, 0.014209643937647, 0, 0.99989902973175, 0, 0.20830871164799, 0, 0, 1, },
		{ 0.99991893768311, 0, -0.012731919065118, 0, 0, 1, 0, 0, 0.012731919065118, 0, 0.99991893768311, 0, 0.20695190131664, 0, 0, 1, },
		{ 0.99995762109756, 0, -0.0092080244794488, 0, 0, 1, 0, 0, 0.0092080244794488, 0, 0.99995762109756, 0, 0.20559570193291, 0, 0, 1, },
		{ 0.9999874830246, 0, -0.0050019440241158, 0, 0, 1, 0, 0, 0.0050019440241158, 0, 0.9999874830246, 0, 0.20423889160156, 0, 0, 1, },
		{ 0.99999886751175, 0, -0.0014778528129682, 0, 0, 1, 0, 0, 0.0014778528129682, 0, 0.99999886751175, 0, 0.20288269221783, 0, 0, 1, },
		{ 1, 0, 0, 0, 0, 1, 0, 0, 0, 0, 1, 0, 0.20152586698532, 0, 0, 1, },
		{ 1, 0, 0, 0, 0, 1, 0, 0, 0, 0, 1, 0, 0.18369200825691, 0, 0, 1, },
		{ 1, 0, 0, 0, 0, 1, 0, 0, 0, 0, 1, 0, 0.1630102545023, 0, 0, 1, },
		{ 1, 0, 0, 0, 0, 1, 0, 0, 0, 0, 1, 0, 0.15168151259422, 0, 0, 1, },
		{ 1, 0, 0, 0, 0, 1, 0, 0, 0, 0, 1, 0, 0.13976867496967, 0, 0, 1, },
		{ 1, 0, 0, 0, 0, 1, 0, 0, 0, 0, 1, 0, 0.12746581435204, 0, 0, 1, },
		{ 1, 0, 0, 0, 0, 1, 0, 0, 0, 0, 1, 0, 0.11500182747841, 0, 0, 1, },
		{ 1, 0, 0, 0, 0, 1, 0, 0, 0, 0, 1, 0, 0.10260070860386, 0, 0, 1, },
		{ 1, 0, 0, 0, 0, 1, 0, 0, 0, 0, 1, 0, 0.090490721166134, 0, 0, 1, },
		{ 1, 0, 0, 0, 0, 1, 0, 0, 0, 0, 1, 0, 0.078844599425793, 0, 0, 1, },
		{ 1, 0, 0, 0, 0, 1, 0, 0, 0, 0, 1, 0, 0.067612305283546, 0, 0, 1, },
		{ 1, 0, 0, 0, 0, 1, 0, 0, 0, 0, 1, 0, 0.056689452379942, 0, 0, 1, },
		{ 1, 0, 0, 0, 0, 1, 0, 0, 0, 0, 1, 0, 0.035355225205421, 0, 0, 1, },
		{ 1, 0, 0, 0, 0, 1, 0, 0, 0, 0, 1, 0, 0.015277098864317, 0, 0, 1, },
		{ 1, 0, 0, 0, 0, 1, 0, 0, 0, 0, 1, 0, 0.0019805908668786, 0, 0, 1, },
		{ 1, 0, 0, 0, 0, 1, 0, 0, 0, 0, 1, 0, 0, 0, 0, 1, },
	},
}
end
