function data()
return {
	times = { 0, 41.667, 83.333, 125, 166.667, 208.333, 250, 291.667, 333.333, 375, 416.667, 458.333, 500, 541.667, 583.333, 625, 666.667, 708.333, 750, 791.667, 875, 916.667, 958.333, 1000, 1041.667, 1083.333, 1125, 1166.667, 1208.333, 1250, 1291.667, 1333.333, 1375, 1416.667, 1458.333, 1500, 1541.667, 1583.333, 1625, 1666.667, 1708.333, 1750, 1791.667, 1833.333, 1875, 1916.667, 1958.333, 2000, 2041.667, 2083.333, 2125, 2166.667, 2208.333, 2250, 2291.667, 2333.333, 2375, 2416.667, 2458.333, 2500, 2541.667, 2583.333, 2625, 2666.667, 2708.333, 2750, 2791.667, 2833.333, 2875, 2916.667, 2958.333, 3000, 3041.667, 3083.333, 3125, 3166.667, 3208.333, 3250, 3291.667, 3333.333, 3375, 3416.667, 3458.333, 3500, 3541.667, 3583.333, 3625, 3666.667, 3708.333, 3750, 3791.667, 3833.333, 3875, 3916.667, 3958.333, 4000, 4041.667, 4083.333, 4125, 4166.667, },
	transfs = {
		{ 1, 0, 0, 0, 0, 1, 0, 0, 0, 0, 1, 0, 0, 0, 0, 1, },
		{ 1, 0, 0, 0, 0, 1, 0, 0, 0, 0, 1, 0, 0.0059838867746294, 0, 0, 1, },
		{ 1, 0, 0, 0, 0, 1, 0, 0, 0, 0, 1, 0, 0.021699829027057, 0, 0, 1, },
		{ 1, 0, 0, 0, 0, 1, 0, 0, 0, 0, 1, 0, 0.043790891766548, 0, 0, 1, },
		{ 1, 0, 0, 0, 0, 1, 0, 0, 0, 0, 1, 0, 0.06890320032835, 0, 0, 1, },
		{ 1, 0, 0, 0, 0, 1, 0, 0, 0, 0, 1, 0, 0.093680419027805, 0, 0, 1, },
		{ 1, 0, 0, 0, 0, 1, 0, 0, 0, 0, 1, 0, 0.1154083237052, 0, 0, 1, },
		{ 1, 0, 0, 0, 0, 1, 0, 0, 0, 0, 1, 0, 0.1339330971241, 0, 0, 1, },
		{ 1, 0, 0, 0, 0, 1, 0, 0, 0, 0, 1, 0, 0.14974364638329, 0, 0, 1, },
		{ 1, 0, 0, 0, 0, 1, 0, 0, 0, 0, 1, 0, 0.16332824528217, 0, 0, 1, },
		{ 1, 0, 0, 0, 0, 1, 0, 0, 0, 0, 1, 0, 0.17517395317554, 0, 0, 1, },
		{ 0.99999886751175, 0, -0.0014712878037244, 0, 0, 1, 0, 0, 0.0014712878037244, 0, 0.99999886751175, 0, 0.18503966927528, 0, 0, 1, },
		{ 0.99998694658279, 0, -0.0051139444112778, 0, 0, 1, 0, 0, 0.0051139444112778, 0, 0.99998694658279, 0, 0.19490538537502, 0, 0, 1, },
		{ 0.99995219707489, 0, -0.009771104902029, 0, 0, 1, 0, 0, 0.009771104902029, 0, 0.99995219707489, 0, 0.2021307349205, 0, 0, 1, },
		{ 0.9998978972435, 0, -0.014285901561379, 0, 0, 1, 0, 0, 0.014285901561379, 0, 0.9998978972435, 0, 0.20935545861721, 0, 0, 1, },
		{ 0.99984675645828, 0, -0.01750166900456, 0, 0, 1, 0, 0, 0.01750166900456, 0, 0.99984675645828, 0, 0.21321593225002, 0, 0, 1, },
		{ 0.99981415271759, 0, -0.019275341182947, 0, 0, 1, 0, 0, 0.019275341182947, 0, 0.99981415271759, 0, 0.21707640588284, 0, 0, 1, },
		{ 0.99979287385941, 0, -0.020351151004434, 0, 0, 1, 0, 0, 0.020351151004434, 0, 0.99979287385941, 0, 0.22093687951565, 0, 0, 1, },
		{ 0.99978148937225, 0, -0.020903578028083, 0, 0, 1, 0, 0, 0.020903578028083, 0, 0.99978148937225, 0, 0.22034850716591, 0, 0, 1, },
		{ 0.99977719783783, 0, -0.021107099950314, 0, 0, 1, 0, 0, 0.021107099950314, 0, 0.99977719783783, 0, 0.21976011991501, 0, 0, 1, },
		{ 0.99977719783783, 0, -0.021108016371727, 0, 0, 1, 0, 0, 0.021108016371727, 0, 0.99977719783783, 0, 0.21858337521553, 0, 0, 1, },
		{ 0.99978029727936, 0, -0.020961014553905, 0, 0, 1, 0, 0, 0.020961014553905, 0, 0.99978029727936, 0, 0.21799498796463, 0, 0, 1, },
		{ 0.99978774785995, 0, -0.020601417869329, 0, 0, 1, 0, 0, 0.020601417869329, 0, 0.99978774785995, 0, 0.21740661561489, 0, 0, 1, },
		{ 0.99980121850967, 0, -0.019935458898544, 0, 0, 1, 0, 0, 0.019935458898544, 0, 0.99980121850967, 0, 0.21681822836399, 0, 0, 1, },
		{ 0.99982190132141, 0, -0.018869346007705, 0, 0, 1, 0, 0, 0.018869346007705, 0, 0.99982190132141, 0, 0.21622985601425, 0, 0, 1, },
		{ 0.99984949827194, 0, -0.017350181937218, 0, 0, 1, 0, 0, 0.017350181937218, 0, 0.99984949827194, 0, 0.21564146876335, 0, 0, 1, },
		{ 0.99988001585007, 0, -0.015488592907786, 0, 0, 1, 0, 0, 0.015488592907786, 0, 0.99988001585007, 0, 0.215052485466, 0, 0, 1, },
		{ 0.99990975856781, 0, -0.013436107896268, 0, 0, 1, 0, 0, 0.013436107896268, 0, 0.99990975856781, 0, 0.21446411311626, 0, 0, 1, },
		{ 0.99993562698364, 0, -0.011344267986715, 0, 0, 1, 0, 0, 0.011344267986715, 0, 0.99993562698364, 0, 0.21387572586536, 0, 0, 1, },
		{ 0.99995613098145, 0, -0.0093646459281445, 0, 0, 1, 0, 0, 0.0093646459281445, 0, 0.99995613098145, 0, 0.21328735351563, 0, 0, 1, },
		{ 0.99997109174728, 0, -0.0075971772894263, 0, 0, 1, 0, 0, 0.0075971772894263, 0, 0.99997109174728, 0, 0.21269896626472, 0, 0, 1, },
		{ 0.99998235702515, 0, -0.0059352447278798, 0, 0, 1, 0, 0, 0.0059352447278798, 0, 0.99998235702515, 0, 0.21211059391499, 0, 0, 1, },
		{ 0.99999111890793, 0, -0.0042205853387713, 0, 0, 1, 0, 0, 0.0042205853387713, 0, 0.99999111890793, 0, 0.21152220666409, 0, 0, 1, },
		{ 0.99999737739563, 0, -0.0022949266713113, 0, 0, 1, 0, 0, 0.0022949266713113, 0, 0.99999737739563, 0, 0.21093383431435, 0, 0, 1, },
		{ 1, 0, 0, 0, 0, 1, 0, 0, 0, 0, 1, 0, 0.21034544706345, 0, 0, 1, },
		{ 0.99999588727951, 0, 0.002851432422176, 0, 0, 1, 0, 0, -0.002851432422176, 0, 0.99999588727951, 0, 0.20975707471371, 0, 0, 1, },
		{ 0.99997848272324, 0, 0.0065624704584479, 0, 0, 1, 0, 0, -0.0065624704584479, 0, 0.99997848272324, 0, 0.20241087675095, 0, 0, 1, },
		{ 0.99993419647217, 0, 0.011465104296803, 0, 0, 1, 0, 0, -0.011465104296803, 0, 0.99993419647217, 0, 0.19506469368935, 0, 0, 1, },
		{ 0.99983996152878, 0, 0.017891101539135, 0, 0, 1, 0, 0, -0.017891101539135, 0, 0.99983996152878, 0, 0.18490661680698, 0, 0, 1, },
		{ 0.99965745210648, 0, 0.026171743869781, 0, 0, 1, 0, 0, -0.026171743869781, 0, 0.99965745210648, 0, 0.17263121902943, 0, 0, 1, },
		{ 0.99933904409409, 0, 0.036352276802063, 0, 0, 1, 0, 0, -0.036352276802063, 0, 0.99933904409409, 0, 0.15817321836948, 0, 0, 1, },
		{ 0.99887895584106, 0, 0.047337293624878, 0, 0, 1, 0, 0, -0.047337293624878, 0, 0.99887895584106, 0, 0.14193297922611, 0, 0, 1, },
		{ 0.99833112955093, 0, 0.057747658342123, 0, 0, 1, 0, 0, -0.057747658342123, 0, 0.99833112955093, 0, 0.12442443519831, 0, 0, 1, },
		{ 0.99780589342117, 0, 0.066207304596901, 0, 0, 1, 0, 0, -0.066207304596901, 0, 0.99780589342117, 0, 0.10616454482079, 0, 0, 1, },
		{ 0.99745178222656, 0, 0.071343250572681, 0, 0, 1, 0, 0, -0.071343250572681, 0, 0.99745178222656, 0, 0.08766845613718, 0, 0, 1, },
		{ 0.9972733259201, 0, 0.073796756565571, 0, 0, 1, 0, 0, -0.073796756565571, 0, 0.9972733259201, 0, 0.069362789392471, 0, 0, 1, },
		{ 0.99716204404831, 0, 0.075284734368324, 0, 0, 1, 0, 0, -0.075284734368324, 0, 0.99716204404831, 0, 0.051318358629942, 0, 0, 1, },
		{ 0.99710410833359, 0, 0.076048754155636, 0, 0, 1, 0, 0, -0.076048754155636, 0, 0.99710410833359, 0, 0.033517453819513, 0, 0, 1, },
		{ 0.99708259105682, 0, 0.076330222189426, 0, 0, 1, 0, 0, -0.076330222189426, 0, 0.99708259105682, 0, 0.015942381694913, 0, 0, 1, },
		{ 0.99707943201065, 0, 0.076370432972908, 0, 0, 1, 0, 0, -0.076370432972908, 0, 0.99707943201065, 0, -0.0014251709217206, 0, 0, 1, },
		{ 0.99721902608871, 0, 0.074525520205498, 0, 0, 1, 0, 0, -0.074525520205498, 0, 0.99721902608871, 0, -0.018621215596795, 0, 0, 1, },
		{ 0.99757480621338, 0, 0.069602832198143, 0, 0, 1, 0, 0, -0.069602832198143, 0, 0.99757480621338, 0, -0.035752560943365, 0, 0, 1, },
		{ 0.99804371595383, 0, 0.062520161271095, 0, 0, 1, 0, 0, -0.062520161271095, 0, 0.99804371595383, 0, -0.052947387099266, 0, 0, 1, },
		{ 0.99853032827377, 0, 0.054196175187826, 0, 0, 1, 0, 0, -0.054196175187826, 0, 0.99853032827377, 0, -0.070330195128918, 0, 0, 1, },
		{ 0.99896192550659, 0, 0.045551393181086, 0, 0, 1, 0, 0, -0.045551393181086, 0, 0.99896192550659, 0, -0.088028565049171, 0, 0, 1, },
		{ 0.9992995262146, 0, 0.03742041438818, 0, 0, 1, 0, 0, -0.03742041438818, 0, 0.9992995262146, 0, -0.10596862435341, 0, 0, 1, },
		{ 0.99954122304916, 0, 0.030288321897388, 0, 0, 1, 0, 0, -0.030288321897388, 0, 0.99954122304916, 0, -0.12327514588833, 0, 0, 1, },
		{ 0.99969851970673, 0, 0.02455267496407, 0, 0, 1, 0, 0, -0.02455267496407, 0, 0.99969851970673, 0, -0.13887511193752, 0, 0, 1, },
		{ 0.99978756904602, 0, 0.02061079069972, 0, 0, 1, 0, 0, -0.02061079069972, 0, 0.99978756904602, 0, -0.15169371664524, 0, 0, 1, },
		{ 0.99982208013535, 0, 0.018859738484025, 0, 0, 1, 0, 0, -0.018859738484025, 0, 0.99982208013535, 0, -0.15884460508823, 0, 0, 1, },
		{ 0.99982851743698, 0, 0.018517799675465, 0, 0, 1, 0, 0, -0.018517799675465, 0, 0.99982851743698, 0, -0.16599547863007, 0, 0, 1, },
		{ 0.99983018636703, 0, 0.018427077680826, 0, 0, 1, 0, 0, -0.018427077680826, 0, 0.99983018636703, 0, -0.16729186475277, 0, 0, 1, },
		{ 0.99983036518097, 0, 0.018420100212097, 0, 0, 1, 0, 0, -0.018420100212097, 0, 0.99983036518097, 0, -0.16858825087547, 0, 0, 1, },
		{ 0.99983197450638, 0, 0.018329381942749, 0, 0, 1, 0, 0, -0.018329381942749, 0, 0.99983197450638, 0, -0.16988524794579, 0, 0, 1, },
		{ 0.99983823299408, 0, 0.017987439408898, 0, 0, 1, 0, 0, -0.017987439408898, 0, 0.99983823299408, 0, -0.17118163406849, 0, 0, 1, },
		{ 0.9998990893364, 0, 0.014202250167727, 0, 0, 1, 0, 0, -0.014202250167727, 0, 0.9998990893364, 0, -0.17247802019119, 0, 0, 1, },
		{ 0.9999828338623, 0, 0.0058464906178415, 0, 0, 1, 0, 0, -0.0058464906178415, 0, 0.9999828338623, 0, -0.1737744063139, 0, 0, 1, },
		{ 0.99999141693115, 0, -0.0041493666358292, 0, 0, 1, 0, 0, 0.0041493666358292, 0, 0.99999141693115, 0, -0.17507140338421, 0, 0, 1, },
		{ 0.99991738796234, 0, -0.012853819876909, 0, 0, 1, 0, 0, 0.012853819876909, 0, 0.99991738796234, 0, -0.17636778950691, 0, 0, 1, },
		{ 0.99984973669052, 0, -0.017336145043373, 0, 0, 1, 0, 0, 0.017336145043373, 0, 0.99984973669052, 0, -0.17766417562962, 0, 0, 1, },
		{ 0.99982935190201, 0, -0.018470505252481, 0, 0, 1, 0, 0, 0.018470505252481, 0, 0.99982935190201, 0, -0.17704223096371, 0, 0, 1, },
		{ 0.99981641769409, 0, -0.01915854588151, 0, 0, 1, 0, 0, 0.01915854588151, 0, 0.99981641769409, 0, -0.1764202862978, 0, 0, 1, },
		{ 0.99980962276459, 0, -0.019511865451932, 0, 0, 1, 0, 0, 0.019511865451932, 0, 0.99980962276459, 0, -0.17579834163189, 0, 0, 1, },
		{ 0.99980700016022, 0, -0.019642028957605, 0, 0, 1, 0, 0, 0.019642028957605, 0, 0.99980700016022, 0, -0.17517638206482, 0, 0, 1, },
		{ 0.99980664253235, 0, -0.019660629332066, 0, 0, 1, 0, 0, 0.019660629332066, 0, 0.99980664253235, 0, -0.17455443739891, 0, 0, 1, },
		{ 0.999844789505, 0, -0.017616143450141, 0, 0, 1, 0, 0, 0.017616143450141, 0, 0.999844789505, 0, -0.173932492733, 0, 0, 1, },
		{ 0.99991875886917, 0, -0.012740559875965, 0, 0, 1, 0, 0, 0.012740559875965, 0, 0.99991875886917, 0, -0.17331054806709, 0, 0, 1, },
		{ 0.9999760389328, 0, -0.0069209346547723, 0, 0, 1, 0, 0, 0.0069209346547723, 0, 0.9999760389328, 0, -0.17268858850002, 0, 0, 1, },
		{ 0.99999791383743, 0, -0.0020448402501643, 0, 0, 1, 0, 0, 0.0020448402501643, 0, 0.99999791383743, 0, -0.17206664383411, 0, 0, 1, },
		{ 1, 0, 0, 0, 0, 1, 0, 0, 0, 0, 1, 0, -0.17144469916821, 0, 0, 1, },
		{ 0.99999970197678, 0, -0.00073220650665462, 0, 0, 1, 0, 0, 0.00073220650665462, 0, 0.99999970197678, 0, -0.1708227545023, 0, 0, 1, },
		{ 0.99999690055847, 0, -0.0024782326072454, 0, 0, 1, 0, 0, 0.0024782326072454, 0, 0.99999690055847, 0, -0.17020079493523, 0, 0, 1, },
		{ 0.99998956918716, 0, -0.004562187474221, 0, 0, 1, 0, 0, 0.004562187474221, 0, 0.99998956918716, 0, -0.16957885026932, 0, 0, 1, },
		{ 0.999980032444, 0, -0.0063081905245781, 0, 0, 1, 0, 0, 0.0063081905245781, 0, 0.999980032444, 0, -0.16895690560341, 0, 0, 1, },
		{ 0.99997520446777, 0, -0.0070403795689344, 0, 0, 1, 0, 0, 0.0070403795689344, 0, 0.99997520446777, 0, -0.1683349609375, 0, 0, 1, },
		{ 0.999980032444, 0, -0.0063081905245781, 0, 0, 1, 0, 0, 0.0063081905245781, 0, 0.999980032444, 0, -0.16771301627159, 0, 0, 1, },
		{ 0.99998956918716, 0, -0.004562187474221, 0, 0, 1, 0, 0, 0.004562187474221, 0, 0.99998956918716, 0, -0.16709105670452, 0, 0, 1, },
		{ 0.99999690055847, 0, -0.0024782326072454, 0, 0, 1, 0, 0, 0.0024782326072454, 0, 0.99999690055847, 0, -0.16646911203861, 0, 0, 1, },
		{ 0.99999970197678, 0, -0.00073220569174737, 0, 0, 1, 0, 0, 0.00073220569174737, 0, 0.99999970197678, 0, -0.1603430211544, 0, 0, 1, },
		{ 1, 0, 0, 0, 0, 1, 0, 0, 0, 0, 1, 0, -0.15421691536903, 0, 0, 1, },
		{ 1, 0, 0, 0, 0, 1, 0, 0, 0, 0, 1, 0, -0.14809080958366, 0, 0, 1, },
		{ 1, 0, 0, 0, 0, 1, 0, 0, 0, 0, 1, 0, -0.13579344749451, 0, 0, 1, },
		{ 1, 0, 0, 0, 0, 1, 0, 0, 0, 0, 1, 0, -0.12053710967302, 0, 0, 1, },
		{ 1, 0, 0, 0, 0, 1, 0, 0, 0, 0, 1, 0, -0.10253600776196, 0, 0, 1, },
		{ 1, 0, 0, 0, 0, 1, 0, 0, 0, 0, 1, 0, -0.082011103630066, 0, 0, 1, },
		{ 1, 0, 0, 0, 0, 1, 0, 0, 0, 0, 1, 0, -0.059583127498627, 0, 0, 1, },
		{ 1, 0, 0, 0, 0, 1, 0, 0, 0, 0, 1, 0, -0.037507321685553, 0, 0, 1, },
		{ 1, 0, 0, 0, 0, 1, 0, 0, 0, 0, 1, 0, -0.018444214016199, 0, 0, 1, },
		{ 1, 0, 0, 0, 0, 1, 0, 0, 0, 0, 1, 0, -0.0050543211400509, 0, 0, 1, },
		{ 1, 0, 0, 0, 0, 1, 0, 0, 0, 0, 1, 0, 0, 0, 0, 1, },
	},
}
end
