function data()
return {
	times = { 0, 41.667, 83.333, 125, 166.667, 208.333, 250, 291.667, 333.333, 375, 416.667, 458.333, 500, 541.667, 583.333, 625, 666.667, 708.333, 750, 791.667, 833.333, 875, 916.667, 958.333, 1000, 1041.667, 1083.333, 1125, 1166.667, 1208.333, 1250, 1291.667, 1333.333, 1375, 1416.667, 1458.333, 1500, 1541.667, 1583.333, 1625, 1666.667, 1708.333, 1750, 1791.667, 1833.333, 1875, 1916.667, 1958.333, 2000, 2041.667, 2083.333, 2125, 2166.667, 2208.333, 2250, 2291.667, 2333.333, 2375, 2416.667, 2458.333, 2500, 2541.667, 2583.333, 2625, 2666.667, 2708.333, 2750, 2791.667, 2833.333, 2875, 2916.667, 2958.333, 3000, 3041.667, 3083.333, 3125, 3166.667, 3208.333, 3250, 3291.667, 3333.333, 3375, 3416.667, 3458.333, 3500, 3541.667, 3583.333, 3625, 3666.667, 3708.333, 3750, 3791.667, 3833.333, 3875, 3916.667, 3958.333, 4000, 4041.667, 4083.333, 4125, 4166.667, },
	transfs = {
		{ 1, 0, 0, 0, 0, 1, 0, 0, 0, 0, 1, 0, 0, 0, 0, 1, },
		{ 1, 0, -1.440328105673e-05, 0, 0, 1, 0, 0, 1.440328105673e-05, 0, 1, 0, 0, 0, 0, 1, },
		{ 1, 0, -0.00011522624845384, 0, 0, 1, 0, 0, 0.00011522624845384, 0, 1, 0, 0, 0, 0, 1, },
		{ 0.99999988079071, 0, -0.00038888861308806, 0, 0, 1, 0, 0, 0.00038888861308806, 0, 0.99999988079071, 0, 0, 0, 0, 1, },
		{ 0.99999958276749, 0, -0.00092180969659239, 0, 0, 1, 0, 0, 0.00092180969659239, 0, 0.99999958276749, 0, 0, 0, 0, 1, },
		{ 0.99999839067459, 0, -0.0018004095181823, 0, 0, 1, 0, 0, 0.0018004095181823, 0, 0.99999839067459, 0, 0, 0, 0, 1, },
		{ 0.99999064207077, 0, -0.0043103974312544, 0, 0, 1, 0, 0, 0.0043103974312544, 0, 0.99999064207077, 0, 0, 0, 0, 1, },
		{ 0.99995547533035, 0, -0.0094392001628876, 0, 0, 1, 0, 0, 0.0094392001628876, 0, 0.99995547533035, 0, 0, 0, 0, 1, },
		{ 0.99985843896866, 0, -0.01682553999126, 0, 0, 1, 0, 0, 0.01682553999126, 0, 0.99985843896866, 0, 0, 0, 0, 1, },
		{ 0.99965912103653, 0, -0.026107553392649, 0, 0, 1, 0, 0, 0.026107553392649, 0, 0.99965912103653, 0, 0, 0, 0, 1, },
		{ 0.99931806325912, 0, -0.036922633647919, 0, 0, 1, 0, 0, 0.036922633647919, 0, 0.99931806325912, 0, 0, 0, 0, 1, },
		{ 0.99880069494247, 0, -0.048959743231535, 0, 0, 1, 0, 0, 0.048959743231535, 0, 0.99880069494247, 0, 0, 0, 0, 1, },
		{ 0.99806886911392, 0, -0.062116153538227, 0, 0, 1, 0, 0, 0.062116153538227, 0, 0.99806886911392, 0, 0, 0, 0, 1, },
		{ 0.9970817565918, 0, -0.076340310275555, 0, 0, 1, 0, 0, 0.076340310275555, 0, 0.9970817565918, 0, 0, 0, 0, 1, },
		{ 0.99579775333405, 0, -0.091579385101795, 0, 0, 1, 0, 0, 0.091579385101795, 0, 0.99579775333405, 0, 0, 0, 0, 1, },
		{ 0.9941748380661, 0, -0.10777918994427, 0, 0, 1, 0, 0, 0.10777918994427, 0, 0.9941748380661, 0, 0, 0, 0, 1, },
		{ 0.99216949939728, 0, -0.12489801645279, 0, 0, 1, 0, 0, 0.12489801645279, 0, 0.99216949939728, 0, 0, 0, 0, 1, },
		{ 0.98973017930984, 0, -0.1429483294487, 0, 0, 1, 0, 0, 0.1429483294487, 0, 0.98973017930984, 0, 0, 0, 0, 1, },
		{ 0.98679828643799, 0, -0.16195429861546, 0, 0, 1, 0, 0, 0.16195429861546, 0, 0.98679828643799, 0, 0, 0, 0, 1, },
		{ 0.98331022262573, 0, -0.18193687498569, 0, 0, 1, 0, 0, 0.18193687498569, 0, 0.98331022262573, 0, 0, 0, 0, 1, },
		{ 0.97919654846191, 0, -0.20291382074356, 0, 0, 1, 0, 0, 0.20291382074356, 0, 0.97919654846191, 0, 0, 0, 0, 1, },
		{ 0.9743863940239, 0, -0.22488041222095, 0, 0, 1, 0, 0, 0.22488041222095, 0, 0.9743863940239, 0, 0, 0, 0, 1, },
		{ 0.96882236003876, 0, -0.2477562725544, 0, 0, 1, 0, 0, 0.2477562725544, 0, 0.96882236003876, 0, 0, 0, 0, 1, },
		{ 0.96245539188385, 0, -0.27143985033035, 0, 0, 1, 0, 0, 0.27143985033035, 0, 0.96245539188385, 0, 0, 0, 0, 1, },
		{ 0.95524138212204, 0, -0.29582747817039, 0, 0, 1, 0, 0, 0.29582747817039, 0, 0.95524138212204, 0, 0, 0, 0, 1, },
		{ 0.94714218378067, 0, -0.32081401348114, 0, 0, 1, 0, 0, 0.32081401348114, 0, 0.94714218378067, 0, 0, 0, 0, 1, },
		{ 0.93813276290894, 0, -0.34627556800842, 0, 0, 1, 0, 0, 0.34627556800842, 0, 0.93813276290894, 0, 0, 0, 0, 1, },
		{ 0.92822426557541, 0, -0.37202110886574, 0, 0, 1, 0, 0, 0.37202110886574, 0, 0.92822426557541, 0, 0, 0, 0, 1, },
		{ 0.91745191812515, 0, -0.39784651994705, 0, 0, 1, 0, 0, 0.39784651994705, 0, 0.91745191812515, 0, 0, 0, 0, 1, },
		{ 0.90587085485458, 0, -0.42355394363403, 0, 0, 1, 0, 0, 0.42355394363403, 0, 0.90587085485458, 0, 0, 0, 0, 1, },
		{ 0.89355546236038, 0, -0.44895276427269, 0, 0, 1, 0, 0, 0.44895276427269, 0, 0.89355546236038, 0, 0, 0, 0, 1, },
		{ 0.88057965040207, 0, -0.47389817237854, 0, 0, 1, 0, 0, 0.47389817237854, 0, 0.88057965040207, 0, 0, 0, 0, 1, },
		{ 0.86694687604904, 0, -0.49840053915977, 0, 0, 1, 0, 0, 0.49840053915977, 0, 0.86694687604904, 0, 0, 0, 0, 1, },
		{ 0.85263580083847, 0, -0.52250570058823, 0, 0, 1, 0, 0, 0.52250570058823, 0, 0.85263580083847, 0, 0, 0, 0, 1, },
		{ 0.83761864900589, 0, -0.54625529050827, 0, 0, 1, 0, 0, 0.54625529050827, 0, 0.83761864900589, 0, 0, 0, 0, 1, },
		{ 0.82186162471771, 0, -0.56968712806702, 0, 0, 1, 0, 0, 0.56968712806702, 0, 0.82186162471771, 0, 0, 0, 0, 1, },
		{ 0.80541157722473, 0, -0.59271591901779, 0, 0, 1, 0, 0, 0.59271591901779, 0, 0.80541157722473, 0, 0, 0, 0, 1, },
		{ 0.78868532180786, 0, -0.61479711532593, 0, 0, 1, 0, 0, 0.61479711532593, 0, 0.78868532180786, 0, 0, 0, 0, 1, },
		{ 0.77225035429001, 0, -0.635318338871, 0, 0, 1, 0, 0, 0.635318338871, 0, 0.77225035429001, 0, 0, 0, 0, 1, },
		{ 0.7567343711853, 0, -0.6537224650383, 0, 0, 1, 0, 0, 0.6537224650383, 0, 0.7567343711853, 0, 0, 0, 0, 1, },
		{ 0.74281191825867, 0, -0.66950005292892, 0, 0, 1, 0, 0, 0.66950005292892, 0, 0.74281191825867, 0, 0, 0, 0, 1, },
		{ 0.73097270727158, 0, -0.68240666389465, 0, 0, 1, 0, 0, 0.68240666389465, 0, 0.73097270727158, 0, 0, 0, 0, 1, },
		{ 0.72083908319473, 0, -0.69310235977173, 0, 0, 1, 0, 0, 0.69310235977173, 0, 0.72083908319473, 0, 0, 0, 0, 1, },
		{ 0.71175915002823, 0, -0.70242357254028, 0, 0, 1, 0, 0, 0.70242357254028, 0, 0.71175915002823, 0, 0, 0, 0, 1, },
		{ 0.70302909612656, 0, -0.71116101741791, 0, 0, 1, 0, 0, 0.71116101741791, 0, 0.70302909612656, 0, 0, 0, 0, 1, },
		{ 0.69390565156937, 0, -0.72006589174271, 0, 0, 1, 0, 0, 0.72006589174271, 0, 0.69390565156937, 0, 0, 0, 0, 1, },
		{ 0.68393588066101, 0, -0.72954213619232, 0, 0, 1, 0, 0, 0.72954213619232, 0, 0.68393588066101, 0, 0, 0, 0, 1, },
		{ 0.67397665977478, 0, -0.73875260353088, 0, 0, 1, 0, 0, 0.73875260353088, 0, 0.67397665977478, 0, 0, 0, 0, 1, },
		{ 0.6652660369873, 0, -0.74660634994507, 0, 0, 1, 0, 0, 0.74660634994507, 0, 0.6652660369873, 0, 0, 0, 0, 1, },
		{ 0.65908771753311, 0, -0.75206607580185, 0, 0, 1, 0, 0, 0.75206607580185, 0, 0.65908771753311, 0, 0, 0, 0, 1, },
		{ 0.65674251317978, 0, -0.75411486625671, 0, 0, 1, 0, 0, 0.75411486625671, 0, 0.65674251317978, 0, 0, 0, 0, 1, },
		{ 0.65733063220978, 0, -0.75360226631165, 0, 0, 1, 0, 0, 0.75360226631165, 0, 0.65733063220978, 0, 0, 0, 0, 1, },
		{ 0.65922558307648, 0, -0.75194525718689, 0, 0, 1, 0, 0, 0.75194525718689, 0, 0.65922558307648, 0, 0, 0, 0, 1, },
		{ 0.66261720657349, 0, -0.74895823001862, 0, 0, 1, 0, 0, 0.74895823001862, 0, 0.66261720657349, 0, 0, 0, 0, 1, },
		{ 0.66768431663513, 0, -0.74444454908371, 0, 0, 1, 0, 0, 0.74444454908371, 0, 0.66768431663513, 0, 0, 0, 0, 1, },
		{ 0.67459172010422, 0, -0.73819106817245, 0, 0, 1, 0, 0, 0.73819106817245, 0, 0.67459172010422, 0, 0, 0, 0, 1, },
		{ 0.68341505527496, 0, -0.73003005981445, 0, 0, 1, 0, 0, 0.73003005981445, 0, 0.68341505527496, 0, 0, 0, 0, 1, },
		{ 0.69393420219421, 0, -0.72003841400146, 0, 0, 1, 0, 0, 0.72003841400146, 0, 0.69393420219421, 0, 0, 0, 0, 1, },
		{ 0.70585513114929, 0, -0.70835620164871, 0, 0, 1, 0, 0, 0.70835620164871, 0, 0.70585513114929, 0, 0, 0, 0, 1, },
		{ 0.71888446807861, 0, -0.69512951374054, 0, 0, 1, 0, 0, 0.69512951374054, 0, 0.71888446807861, 0, 0, 0, 0, 1, },
		{ 0.7327344417572, 0, -0.68051463365555, 0, 0, 1, 0, 0, 0.68051463365555, 0, 0.7327344417572, 0, 0, 0, 0, 1, },
		{ 0.74710410833359, 0, -0.6647070646286, 0, 0, 1, 0, 0, 0.6647070646286, 0, 0.74710410833359, 0, 0, 0, 0, 1, },
		{ 0.76162189245224, 0, -0.64802169799805, 0, 0, 1, 0, 0, 0.64802169799805, 0, 0.76162189245224, 0, 0, 0, 0, 1, },
		{ 0.77592265605927, 0, -0.63082802295685, 0, 0, 1, 0, 0, 0.63082802295685, 0, 0.77592265605927, 0, 0, 0, 0, 1, },
		{ 0.78967547416687, 0, -0.61352479457855, 0, 0, 1, 0, 0, 0.61352479457855, 0, 0.78967547416687, 0, 0, 0, 0, 1, },
		{ 0.8025843501091, 0, -0.59653866291046, 0, 0, 1, 0, 0, 0.59653866291046, 0, 0.8025843501091, 0, 0, 0, 0, 1, },
		{ 0.81448024511337, 0, -0.58019107580185, 0, 0, 1, 0, 0, 0.58019107580185, 0, 0.81448024511337, 0, 0, 0, 0, 1, },
		{ 0.82557499408722, 0, -0.56429237127304, 0, 0, 1, 0, 0, 0.56429237127304, 0, 0.82557499408722, 0, 0, 0, 0, 1, },
		{ 0.83614820241928, 0, -0.54850351810455, 0, 0, 1, 0, 0, 0.54850351810455, 0, 0.83614820241928, 0, 0, 0, 0, 1, },
		{ 0.84645140171051, 0, -0.53246599435806, 0, 0, 1, 0, 0, 0.53246599435806, 0, 0.84645140171051, 0, 0, 0, 0, 1, },
		{ 0.8567076921463, 0, -0.51580208539963, 0, 0, 1, 0, 0, 0.51580208539963, 0, 0.8567076921463, 0, 0, 0, 0, 1, },
		{ 0.86706393957138, 0, -0.4981968998909, 0, 0, 1, 0, 0, 0.4981968998909, 0, 0.86706393957138, 0, 0, 0, 0, 1, },
		{ 0.87746298313141, 0, -0.47964438796043, 0, 0, 1, 0, 0, 0.47964438796043, 0, 0.87746298313141, 0, 0, 0, 0, 1, },
		{ 0.88780361413956, 0, -0.4602225124836, 0, 0, 1, 0, 0, 0.4602225124836, 0, 0.88780361413956, 0, 0, 0, 0, 1, },
		{ 0.89799064397812, 0, -0.44001457095146, 0, 0, 1, 0, 0, 0.44001457095146, 0, 0.89799064397812, 0, 0, 0, 0, 1, },
		{ 0.9079355597496, 0, -0.41910973191261, 0, 0, 1, 0, 0, 0.41910973191261, 0, 0.9079355597496, 0, 0, 0, 0, 1, },
		{ 0.91755771636963, 0, -0.39760240912437, 0, 0, 1, 0, 0, 0.39760240912437, 0, 0.91755771636963, 0, 0, 0, 0, 1, },
		{ 0.92678481340408, 0, -0.37559270858765, 0, 0, 1, 0, 0, 0.37559270858765, 0, 0.92678481340408, 0, 0, 0, 0, 1, },
		{ 0.93555337190628, 0, -0.35318529605865, 0, 0, 1, 0, 0, 0.35318529605865, 0, 0.93555337190628, 0, 0, 0, 0, 1, },
		{ 0.9438094496727, 0, -0.33048996329308, 0, 0, 1, 0, 0, 0.33048996329308, 0, 0.9438094496727, 0, 0, 0, 0, 1, },
		{ 0.95150929689407, 0, -0.3076199889183, 0, 0, 1, 0, 0, 0.3076199889183, 0, 0.95150929689407, 0, 0, 0, 0, 1, },
		{ 0.95861887931824, 0, -0.28469258546829, 0, 0, 1, 0, 0, 0.28469258546829, 0, 0.95861887931824, 0, 0, 0, 0, 1, },
		{ 0.96511459350586, 0, -0.26182767748833, 0, 0, 1, 0, 0, 0.26182767748833, 0, 0.96511459350586, 0, 0, 0, 0, 1, },
		{ 0.97098332643509, 0, -0.23914729058743, 0, 0, 1, 0, 0, 0.23914729058743, 0, 0.97098332643509, 0, 0, 0, 0, 1, },
		{ 0.97622156143188, 0, -0.21677508950233, 0, 0, 1, 0, 0, 0.21677508950233, 0, 0.97622156143188, 0, 0, 0, 0, 1, },
		{ 0.98083585500717, 0, -0.19483563303947, 0, 0, 1, 0, 0, 0.19483563303947, 0, 0.98083585500717, 0, 0, 0, 0, 1, },
		{ 0.98484194278717, 0, -0.17345377802849, 0, 0, 1, 0, 0, 0.17345377802849, 0, 0.98484194278717, 0, 0, 0, 0, 1, },
		{ 0.98826420307159, 0, -0.15275421738625, 0, 0, 1, 0, 0, 0.15275421738625, 0, 0.98826420307159, 0, 0, 0, 0, 1, },
		{ 0.99113470315933, 0, -0.13286077976227, 0, 0, 1, 0, 0, 0.13286077976227, 0, 0.99113470315933, 0, 0, 0, 0, 1, },
		{ 0.99349266290665, 0, -0.11389613896608, 0, 0, 1, 0, 0, 0.11389613896608, 0, 0.99349266290665, 0, 0, 0, 0, 1, },
		{ 0.99538314342499, 0, -0.095981419086456, 0, 0, 1, 0, 0, 0.095981419086456, 0, 0.99538314342499, 0, 0, 0, 0, 1, },
		{ 0.9968558549881, 0, -0.079236142337322, 0, 0, 1, 0, 0, 0.079236142337322, 0, 0.9968558549881, 0, 0, 0, 0, 1, },
		{ 0.99796408414841, 0, -0.063777938485146, 0, 0, 1, 0, 0, 0.063777938485146, 0, 0.99796408414841, 0, 0, 0, 0, 1, },
		{ 0.99876308441162, 0, -0.049722522497177, 0, 0, 1, 0, 0, 0.049722522497177, 0, 0.99876308441162, 0, 0, 0, 0, 1, },
		{ 0.99930846691132, 0, -0.03718376532197, 0, 0, 1, 0, 0, 0.03718376532197, 0, 0.99930846691132, 0, 0, 0, 0, 1, },
		{ 0.99965471029282, 0, -0.026273909956217, 0, 0, 1, 0, 0, 0.026273909956217, 0, 0.99965471029282, 0, 0, 0, 0, 1, },
		{ 0.99985367059708, 0, -0.017103707417846, 0, 0, 1, 0, 0, 0.017103707417846, 0, 0.99985367059708, 0, 0, 0, 0, 1, },
		{ 0.9999520778656, 0, -0.0097827604040504, 0, 0, 1, 0, 0, 0.0097827604040504, 0, 0.9999520778656, 0, 0, 0, 0, 1, },
		{ 0.99999022483826, 0, -0.0044197784736753, 0, 0, 1, 0, 0, 0.0044197784736753, 0, 0.99999022483826, 0, 0, 0, 0, 1, },
		{ 0.99999934434891, 0, -0.0011229044757783, 0, 0, 1, 0, 0, 0.0011229044757783, 0, 0.99999934434891, 0, 0, 0, 0, 1, },
		{ 1, 0, 0, 0, 0, 1, 0, 0, 0, 0, 1, 0, 0, 0, 0, 1, },
	},
}
end
