function data()
return {
	times = { 0, 41.667, 83.333, 125, 166.667, 208.333, 250, 291.667, 333.333, 375, 416.667, 458.333, 500, 541.667, 583.333, 625, 666.667, 708.333, 750, 791.667, 833.333, 875, 916.667, 958.333, 1083.333, 1125, 1166.667, 1208.333, 1250, 1291.667, 1333.333, 1375, 1416.667, 1458.333, 1500, 1541.667, 1583.333, 1625, 1666.667, 1708.333, 1750, 1791.667, 1833.333, 1875, 1916.667, 1958.333, 2000, 2041.667, 2083.333, 2125, 2166.667, 2208.333, 2250, 2291.667, 2333.333, 2375, 2416.667, 2458.333, 2500, 2541.667, 2583.333, 2625, 2666.667, 2708.333, 2750, 2791.667, 2833.333, 2875, 2916.667, 2958.333, 3000, 3041.667, 3125, 3166.667, 3208.333, 3250, 3291.667, 3333.333, 3375, 3416.667, 3458.333, 3500, 3541.667, 3583.333, 3625, 3666.667, 3708.333, 3750, 3791.667, 3833.333, 3875, 3916.667, 3958.333, 4000, 4041.667, 4083.333, 4125, 4166.667, },
	transfs = {
		{ 1, 0, 0, 0, 0, 1, 0, 0, 0, 0, 1, 0, 0, 0, 0, 1, },
		{ 0.99997276067734, 0, -0.0073776436038315, 0, 0, 1, 0, 0, 0.0073776436038315, 0, 0.99997276067734, 0, 0.0060037230141461, 0, 0.00018096923304256, 1, },
		{ 0.99964171648026, 0, -0.026766180992126, 0, 0, 1, 0, 0, 0.026766180992126, 0, 0.99964171648026, 0, 0.021776428446174, 0, 0.00036178587470204, 1, },
		{ 0.99853891134262, 0, -0.054036471992731, 0, 0, 1, 0, 0, 0.054036471992731, 0, 0.99853891134262, 0, 0.043958738446236, 0, 0.00054275512229651, 1, },
		{ 0.99637722969055, 0, -0.085042908787727, 0, 0, 1, 0, 0, 0.085042908787727, 0, 0.99637722969055, 0, 0.069192811846733, 0, 0.00072372436989099, 1, },
		{ 0.99329036474228, 0, -0.11564677208662, 0, 0, 1, 0, 0, 0.11564677208662, 0, 0.99329036474228, 0, 0.094119869172573, 0, 0.00090454099699855, 1, },
		{ 0.98979270458221, 0, -0.14251470565796, 0, 0, 1, 0, 0, 0.14251470565796, 0, 0.98979270458221, 0, 0.11601714789867, 0, 0.001085510244593, 1, },
		{ 0.98622542619705, 0, -0.16540683805943, 0, 0, 1, 0, 0, 0.16540683805943, 0, 0.98622542619705, 0, 0.13470366597176, 0, 0.0012663268717006, 1, },
		{ 0.9827663898468, 0, -0.18485179543495, 0, 0, 1, 0, 0, 0.18485179543495, 0, 0.9827663898468, 0, 0.15063506364822, 0, 0.0014472961192951, 1, },
		{ 0.97951424121857, 0, -0.20137491822243, 0, 0, 1, 0, 0, 0.20137491822243, 0, 0.97951424121857, 0, 0.16426512598991, 0, 0.0016282653668895, 1, },
		{ 0.97650474309921, 0, -0.21549591422081, 0, 0, 1, 0, 0, 0.21549591422081, 0, 0.97650474309921, 0, 0.17605011165142, 0, 0.0018090819939971, 1, },
		{ 0.97374022006989, 0, -0.22766172885895, 0, 0, 1, 0, 0, 0.22766172885895, 0, 0.97374022006989, 0, 0.18637511134148, 0, 0.0019900512415916, 1, },
		{ 0.97125375270844, 0, -0.23804637789726, 0, 0, 1, 0, 0, 0.23804637789726, 0, 0.97125375270844, 0, 0.19534575939178, 0, 0.0069375610910356, 1, },
		{ 0.96907782554626, 0, -0.2467552870512, 0, 0, 1, 0, 0, 0.2467552870512, 0, 0.96907782554626, 0, 0.20235961675644, 0, 0.013309173285961, 1, },
		{ 0.96723258495331, 0, -0.25389176607132, 0, 0, 1, 0, 0, 0.25389176607132, 0, 0.96723258495331, 0, 0.20937347412109, 0, 0.019571075215936, 1, },
		{ 0.96572774648666, 0, -0.25955703854561, 0, 0, 1, 0, 0, 0.25955703854561, 0, 0.96572774648666, 0, 0.21391296386719, 0, 0.024189757183194, 1, },
		{ 0.96455717086792, 0, -0.26387402415276, 0, 0, 1, 0, 0, 0.26387402415276, 0, 0.96455717086792, 0, 0.21845245361328, 0, 0.026336517184973, 1, },
		{ 0.96368044614792, 0, -0.26705780625343, 0, 0, 1, 0, 0, 0.26705780625343, 0, 0.96368044614792, 0, 0.22011199593544, 0, 0.028483275324106, 1, },
		{ 0.96304351091385, 0, -0.26934558153152, 0, 0, 1, 0, 0, 0.26934558153152, 0, 0.96304351091385, 0, 0.22177185118198, 0, 0.028035735711455, 1, },
		{ 0.96258705854416, 0, -0.27097254991531, 0, 0, 1, 0, 0, 0.27097254991531, 0, 0.96258705854416, 0, 0.22343139350414, 0, 0.027588196098804, 1, },
		{ 0.96224814653397, 0, -0.27217352390289, 0, 0, 1, 0, 0, 0.27217352390289, 0, 0.96224814653397, 0, 0.22509124875069, 0, 0.027140654623508, 1, },
		{ 0.96197372674942, 0, -0.27314206957817, 0, 0, 1, 0, 0, 0.27314206957817, 0, 0.96197372674942, 0, 0.22675079107285, 0, 0.026693115010858, 1, },
		{ 0.96175521612167, 0, -0.27391022443771, 0, 0, 1, 0, 0, 0.27391022443771, 0, 0.96175521612167, 0, 0.22594481706619, 0, 0.026245573535562, 1, },
		{ 0.9615957736969, 0, -0.274469435215, 0, 0, 1, 0, 0, 0.274469435215, 0, 0.9615957736969, 0, 0.22513884305954, 0, 0.025798033922911, 1, },
		{ 0.96163219213486, 0, -0.27434170246124, 0, 0, 1, 0, 0, 0.27434170246124, 0, 0.96163219213486, 0, 0.22272093594074, 0, 0.024455413222313, 1, },
		{ 0.96164441108704, 0, -0.27429914474487, 0, 0, 1, 0, 0, 0.27429914474487, 0, 0.96164441108704, 0, 0.22191497683525, 0, 0.021513214334846, 1, },
		{ 0.96165657043457, 0, -0.27425655722618, 0, 0, 1, 0, 0, 0.27425655722618, 0, 0.96165657043457, 0, 0.2211090028286, 0, 0.018177794292569, 1, },
		{ 0.96166861057281, 0, -0.27421402931213, 0, 0, 1, 0, 0, 0.27421402931213, 0, 0.96166861057281, 0, 0.22030273079872, 0, 0.014760741963983, 1, },
		{ 0.96168082952499, 0, -0.27417141199112, 0, 0, 1, 0, 0, 0.27417141199112, 0, 0.96168082952499, 0, 0.21949675679207, 0, 0.011572570540011, 1, },
		{ 0.96185821294785, 0, -0.27354851365089, 0, 0, 1, 0, 0, 0.27354851365089, 0, 0.96185821294785, 0, 0.21869079768658, 0, 0.0089622493833303, 1, },
		{ 0.96217727661133, 0, -0.27242392301559, 0, 0, 1, 0, 0, 0.27242392301559, 0, 0.96217727661133, 0, 0.21788482367992, 0, 0.006351928692311, 1, },
		{ 0.96270489692688, 0, -0.27055370807648, 0, 0, 1, 0, 0, 0.27055370807648, 0, 0.96270489692688, 0, 0.21707884967327, 0, 0.0037379455752671, 1, },
		{ 0.96350431442261, 0, -0.26769277453423, 0, 0, 1, 0, 0, 0.26769277453423, 0, 0.96350431442261, 0, 0.21627289056778, 0, 0.0011241149622947, 1, },
		{ 0.96463346481323, 0, -0.26359459757805, 0, 0, 1, 0, 0, 0.26359459757805, 0, 0.96463346481323, 0, 0.21546691656113, 0, -0.0021693420130759, 1, },
		{ 0.96614927053452, 0, -0.25798365473747, 0, 0, 1, 0, 0, 0.25798365473747, 0, 0.96614927053452, 0, 0.20983520150185, 0, -0.006317138671875, 1, },
		{ 0.96812331676483, 0, -0.25047397613525, 0, 0, 1, 0, 0, 0.25047397613525, 0, 0.96812331676483, 0, 0.20420318841934, 0, -0.011790466494858, 1, },
		{ 0.97061264514923, 0, -0.24064733088017, 0, 0, 1, 0, 0, 0.24064733088017, 0, 0.97061264514923, 0, 0.19612151384354, 0, -0.019100647419691, 1, },
		{ 0.97364270687103, 0, -0.22807866334915, 0, 0, 1, 0, 0, 0.22807866334915, 0, 0.97364270687103, 0, 0.18619720637798, 0, -0.028758697211742, 1, },
		{ 0.9771968126297, 0, -0.2123351842165, 0, 0, 1, 0, 0, 0.2123351842165, 0, 0.9771968126297, 0, 0.17427733540535, 0, -0.04127624258399, 1, },
		{ 0.98116195201874, 0, -0.19318702816963, 0, 0, 1, 0, 0, 0.19318702816963, 0, 0.98116195201874, 0, 0.1603054702282, 0, -0.056719817221165, 1, },
		{ 0.98522740602493, 0, -0.17125079035759, 0, 0, 1, 0, 0, 0.17125079035759, 0, 0.98522740602493, 0, 0.14463806152344, 0, -0.073377832770348, 1, },
		{ 0.98908150196075, 0, -0.14736944437027, 0, 0, 1, 0, 0, 0.14736944437027, 0, 0.98908150196075, 0, 0.12772917747498, 0, -0.089093782007694, 1, },
		{ 0.99248039722443, 0, -0.12240364402533, 0, 0, 1, 0, 0, 0.12240364402533, 0, 0.99248039722443, 0, 0.11003600805998, 0, -0.10171172767878, 1, },
		{ 0.99526184797287, 0, -0.097230061888695, 0, 0, 1, 0, 0, 0.097230061888695, 0, 0.99526184797287, 0, 0.092015989124775, 0, -0.10907500982285, 1, },
		{ 0.99736070632935, 0, -0.072605989873409, 0, 0, 1, 0, 0, 0.072605989873409, 0, 0.99736070632935, 0, 0.074045710265636, 0, -0.11234237253666, 1, },
		{ 0.99880993366241, 0, -0.048771951347589, 0, 0, 1, 0, 0, 0.048771951347589, 0, 0.99880993366241, 0, 0.056189268827438, 0, -0.11384231597185, 1, },
		{ 0.99966609477997, 0, -0.025836538523436, 0, 0, 1, 0, 0, 0.025836538523436, 0, 0.99966609477997, 0, 0.03843292221427, 0, -0.11534225195646, 1, },
		{ 0.99999237060547, 0, -0.0039055335801095, 0, 0, 1, 0, 0, 0.0039055335801095, 0, 0.99999237060547, 0, 0.020761108025908, 0, -0.11555648595095, 1, },
		{ 0.99985682964325, 0, 0.016918187960982, 0, 0, 1, 0, 0, -0.016918187960982, 0, 0.99985682964325, 0, 0.0031610105652362, 0, -0.11577071994543, 1, },
		{ 0.99932914972305, 0, 0.036623235791922, 0, 0, 1, 0, 0, -0.036623235791922, 0, 0.99932914972305, 0, -0.014394225552678, 0, -0.11306228488684, 1, },
		{ 0.99845564365387, 0, 0.05555447936058, 0, 0, 1, 0, 0, -0.05555447936058, 0, 0.99845564365387, 0, -0.031972654163837, 0, -0.10580917447805, 1, },
		{ 0.99724733829498, 0, 0.074145711958408, 0, 0, 1, 0, 0, -0.074145711958408, 0, 0.99724733829498, 0, -0.049656067043543, 0, -0.095320127904415, 1, },
		{ 0.99568200111389, 0, 0.092829585075378, 0, 0, 1, 0, 0, -0.092829585075378, 0, 0.99568200111389, 0, -0.067524410784245, 0, -0.082903288304806, 1, },
		{ 0.99370414018631, 0, 0.11203610152006, 0, 0, 1, 0, 0, -0.11203610152006, 0, 0.99370414018631, 0, -0.085658259689808, 0, -0.069867096841335, 1, },
		{ 0.99126213788986, 0, 0.1319066286087, 0, 0, 1, 0, 0, -0.1319066286087, 0, 0.99126213788986, 0, -0.10395080596209, 0, -0.057424772530794, 1, },
		{ 0.98846536874771, 0, 0.15144653618336, 0, 0, 1, 0, 0, -0.15144653618336, 0, 0.98846536874771, 0, -0.12154418975115, 0, -0.046408079564571, 1, },
		{ 0.98554909229279, 0, 0.16938959062099, 0, 0, 1, 0, 0, -0.16938959062099, 0, 0.98554909229279, 0, -0.13739500939846, 0, -0.037553709000349, 1, },
		{ 0.98283517360687, 0, 0.18448586761951, 0, 0, 1, 0, 0, -0.18448586761951, 0, 0.98283517360687, 0, -0.15045775473118, 0, -0.031598355621099, 1, },
		{ 0.9807037115097, 0, 0.19549997150898, 0, 0, 1, 0, 0, -0.19549997150898, 0, 0.9807037115097, 0, -0.15968841314316, 0, -0.031140288338065, 1, },
		{ 0.97931808233261, 0, 0.20232680439949, 0, 0, 1, 0, 0, -0.20232680439949, 0, 0.97931808233261, 0, -0.16411285102367, 0, -0.030682371929288, 1, },
		{ 0.97849351167679, 0, 0.20627765357494, 0, 0, 1, 0, 0, -0.20627765357494, 0, 0.97849351167679, 0, -0.16853728890419, 0, -0.030224302783608, 1, },
		{ 0.97807729244232, 0, 0.2082422375679, 0, 0, 1, 0, 0, -0.2082422375679, 0, 0.97807729244232, 0, -0.16956542432308, 0, -0.029766235500574, 1, },
		{ 0.97789299488068, 0, 0.20910575985909, 0, 0, 1, 0, 0, -0.20910575985909, 0, 0.97789299488068, 0, -0.17059387266636, 0, -0.029308319091797, 1, },
		{ 0.97775477170944, 0, 0.20975126326084, 0, 0, 1, 0, 0, -0.20975126326084, 0, 0.97775477170944, 0, -0.17162200808525, 0, -0.028850249946117, 1, },
		{ 0.97751206159592, 0, 0.21087950468063, 0, 0, 1, 0, 0, -0.21087950468063, 0, 0.97751206159592, 0, -0.17265014350414, 0, -0.023257292807102, 1, },
		{ 0.97716879844666, 0, 0.21246434748173, 0, 0, 1, 0, 0, -0.21246434748173, 0, 0.97716879844666, 0, -0.17367859184742, 0, -0.010199432261288, 1, },
		{ 0.97676831483841, 0, 0.2142980992794, 0, 0, 1, 0, 0, -0.2142980992794, 0, 0.97676831483841, 0, -0.17470672726631, 0, 0.0055122375488281, 1, },
		{ 0.97635501623154, 0, 0.21617330610752, 0, 0, 1, 0, 0, -0.21617330610752, 0, 0.97635501623154, 0, -0.17573516070843, 0, 0.019067076966166, 1, },
		{ 0.9759749174118, 0, 0.21788296103477, 0, 0, 1, 0, 0, -0.21788296103477, 0, 0.9759749174118, 0, -0.17676329612732, 0, 0.025653533637524, 1, },
		{ 0.97566676139832, 0, 0.2192587852478, 0, 0, 1, 0, 0, -0.2192587852478, 0, 0.97566676139832, 0, -0.17622923851013, 0, 0.026153106242418, 1, },
		{ 0.97543513774872, 0, 0.22028660774231, 0, 0, 1, 0, 0, -0.22028660774231, 0, 0.97543513774872, 0, -0.17569518089294, 0, 0.026652678847313, 1, },
		{ 0.97527587413788, 0, 0.22099085152149, 0, 0, 1, 0, 0, -0.22099085152149, 0, 0.97527587413788, 0, -0.17516112327576, 0, 0.027152251452208, 1, },
		{ 0.97515463829041, 0, 0.22152529656887, 0, 0, 1, 0, 0, -0.22152529656887, 0, 0.97515463829041, 0, -0.17409300804138, 0, 0.028151396661997, 1, },
		{ 0.97519588470459, 0, 0.22134330868721, 0, 0, 1, 0, 0, -0.22134330868721, 0, 0.97519588470459, 0, -0.17355895042419, 0, 0.025010986253619, 1, },
		{ 0.97523725032806, 0, 0.22116130590439, 0, 0, 1, 0, 0, -0.22116130590439, 0, 0.97523725032806, 0, -0.17302489280701, 0, 0.017522430047393, 1, },
		{ 0.97537869215012, 0, 0.22053673863411, 0, 0, 1, 0, 0, -0.22053673863411, 0, 0.97537869215012, 0, -0.17249083518982, 0, 0.0085842898115516, 1, },
		{ 0.97562009096146, 0, 0.21946619451046, 0, 0, 1, 0, 0, -0.21946619451046, 0, 0.97562009096146, 0, -0.17195677757263, 0, 0.0010957336053252, 1, },
		{ 0.97598534822464, 0, 0.21783611178398, 0, 0, 1, 0, 0, -0.21783611178398, 0, 0.97598534822464, 0, -0.17142271995544, 0, -0.0020448302384466, 1, },
		{ 0.9764803647995, 0, 0.21560609340668, 0, 0, 1, 0, 0, -0.21560609340668, 0, 0.9764803647995, 0, -0.17088866233826, 0, -5.3253173973644e-05, 1, },
		{ 0.97704583406448, 0, 0.21302881836891, 0, 0, 1, 0, 0, -0.21302881836891, 0, 0.97704583406448, 0, -0.17035460472107, 0, 0.001938171335496, 1, },
		{ 0.97760874032974, 0, 0.21043093502522, 0, 0, 1, 0, 0, -0.21043093502522, 0, 0.97760874032974, 0, -0.16982054710388, 0, 0.0052871704101563, 1, },
		{ 0.97809898853302, 0, 0.20814000070095, 0, 0, 1, 0, 0, -0.20814000070095, 0, 0.97809898853302, 0, -0.16928648948669, 0, 0.0072785946540534, 1, },
		{ 0.9784500002861, 0, 0.20648387074471, 0, 0, 1, 0, 0, -0.20648387074471, 0, 0.9784500002861, 0, -0.16875243186951, 0, 0.0092701716348529, 1, },
		{ 0.97864323854446, 0, 0.20556589961052, 0, 0, 1, 0, 0, -0.20556589961052, 0, 0.97864323854446, 0, -0.16626006364822, 0, 0.0075682066380978, 1, },
		{ 0.97884786128998, 0, 0.20458929240704, 0, 0, 1, 0, 0, -0.20458929240704, 0, 0.97884786128998, 0, -0.16376800835133, 0, 0.0058663939125836, 1, },
		{ 0.97927570343018, 0, 0.20253148674965, 0, 0, 1, 0, 0, -0.20253148674965, 0, 0.97927570343018, 0, -0.16127562522888, 0, 0.0029257200658321, 1, },
		{ 0.9801276922226, 0, 0.19836756587029, 0, 0, 1, 0, 0, -0.19836756587029, 0, 0.9801276922226, 0, -0.15878356993198, 0, 0.00093795772409067, 1, },
		{ 0.98157691955566, 0, 0.19106711447239, 0, 0, 1, 0, 0, -0.19106711447239, 0, 0.98157691955566, 0, -0.1562912017107, 0, -0.0010499572381377, 1, },
		{ 0.98370051383972, 0, 0.17981420457363, 0, 0, 1, 0, 0, -0.17981420457363, 0, 0.98370051383972, 0, -0.14723205566406, 0, -0.00094497681129724, 1, },
		{ 0.98634672164917, 0, 0.16468195617199, 0, 0, 1, 0, 0, -0.16468195617199, 0, 0.98634672164917, 0, -0.13501372933388, 0, -0.00083999632624909, 1, },
		{ 0.98928958177567, 0, 0.14596624672413, 0, 0, 1, 0, 0, -0.14596624672413, 0, 0.98928958177567, 0, -0.11985198408365, 0, -0.00073501584120095, 1, },
		{ 0.99228638410568, 0, 0.12396663427353, 0, 0, 1, 0, 0, -0.12396663427353, 0, 0.99228638410568, 0, -0.10196014493704, 0, -0.00063003541436046, 1, },
		{ 0.99508845806122, 0, 0.098989963531494, 0, 0, 1, 0, 0, -0.098989963531494, 0, 0.99508845806122, 0, -0.081554256379604, 0, -0.00052505492931232, 1, },
		{ 0.99741721153259, 0, 0.071824669837952, 0, 0, 1, 0, 0, -0.071824669837952, 0, 0.99741721153259, 0, -0.059253845363855, 0, -0.00041992185288109, 1, },
		{ 0.99897962808609, 0, 0.045162193477154, 0, 0, 1, 0, 0, -0.045162193477154, 0, 0.99897962808609, 0, -0.037301026284695, 0, -0.00031494139693677, 1, },
		{ 0.99975383281708, 0, 0.022184375673532, 0, 0, 1, 0, 0, -0.022184375673532, 0, 0.99975383281708, 0, -0.018342895433307, 0, -0.00020996092644054, 1, },
		{ 0.99998152256012, 0, 0.0060733365826309, 0, 0, 1, 0, 0, -0.0060733365826309, 0, 0.99998152256012, 0, -0.0050268555060029, 0, -0.00010498046322027, 1, },
		{ 1, 0, 0, 0, 0, 1, 0, 0, 0, 0, 1, 0, 0, 0, 0, 1, },
	},
}
end
