function data()
return {
	times = { 0, 41.667, 83.333, 125, 166.667, 208.333, 250, 291.667, 333.333, 375, 416.667, 458.333, 500, 541.667, 583.333, 625, 666.667, 708.333, 750, 791.667, 833.333, 958.333, 1000, 1041.667, 1083.333, 1125, 1166.667, 1208.333, 1250, 1291.667, 1333.333, 1375, 1416.667, 1458.333, 1500, 1541.667, 1583.333, 1625, 1666.667, 1708.333, 1750, 1791.667, 1833.333, 1875, 1916.667, 1958.333, 2000, 2041.667, 2083.333, 2125, 2166.667, 2208.333, 2250, 2291.667, 2333.333, 2375, 2416.667, 2458.333, 2500, 2541.667, 2583.333, 2625, 2666.667, 2708.333, 2750, 2791.667, 2833.333, 2875, 2916.667, 2958.333, 3000, 3041.667, 3083.333, 3125, 3166.667, 3208.333, 3250, 3291.667, 3333.333, 3375, 3416.667, 3458.333, 3500, 3541.667, 3583.333, 3625, 3666.667, 3708.333, 3750, 3791.667, 3833.333, 3875, 3916.667, 3958.333, 4000, 4041.667, 4083.333, 4125, 4166.667, },
	transfs = {
		{ 1, 0, 0, 0, 0, 1, 0, 0, 0, 0, 1, 0, 0, 0, 0, 1, },
		{ 0.99997025728226, 0, 0.007712003774941, 0, 0, 1, 0, 0, -0.007712003774941, 0, 0.99997025728226, 0, -0.0054202270694077, 0, -0.008832092396915, 1, },
		{ 0.99961197376251, 0, 0.027854653075337, 0, 0, 1, 0, 0, -0.027854653075337, 0, 0.99961197376251, 0, -0.01967529207468, 0, -0.030173644423485, 1, },
		{ 0.99843496084213, 0, 0.055924244225025, 0, 0, 1, 0, 0, -0.055924244225025, 0, 0.99843496084213, 0, -0.039756469428539, 0, -0.056291960179806, 1, },
		{ 0.99617314338684, 0, 0.087400868535042, 0, 0, 1, 0, 0, -0.087400868535042, 0, 0.99617314338684, 0, -0.062655329704285, 0, -0.079454645514488, 1, },
		{ 0.99304008483887, 0, 0.11777645349503, 0, 0, 1, 0, 0, -0.11777645349503, 0, 0.99304008483887, 0, -0.08536285161972, 0, -0.091929316520691, 1, },
		{ 0.98966199159622, 0, 0.14341901242733, 0, 0, 1, 0, 0, -0.14341901242733, 0, 0.98966199159622, 0, -0.10538604855537, 0, -0.095632471144199, 1, },
		{ 0.98645317554474, 0, 0.16404297947884, 0, 0, 1, 0, 0, -0.16404297947884, 0, 0.98645317554474, 0, -0.12229277938604, 0, -0.097332455217838, 1, },
		{ 0.98363143205643, 0, 0.18019226193428, 0, 0, 1, 0, 0, -0.18019226193428, 0, 0.98363143205643, 0, -0.13616760075092, 0, -0.099032282829285, 1, },
		{ 0.98131567239761, 0, 0.19240434467793, 0, 0, 1, 0, 0, -0.19240434467793, 0, 0.98131567239761, 0, -0.14709411561489, 0, -0.099028468132019, 1, },
		{ 0.97954851388931, 0, 0.20120802521706, 0, 0, 1, 0, 0, -0.20120802521706, 0, 0.97954851388931, 0, -0.15515533089638, 0, -0.099024809896946, 1, },
		{ 0.9783086180687, 0, 0.2071525156498, 0, 0, 1, 0, 0, -0.2071525156498, 0, 0.9783086180687, 0, -0.15947265923023, 0, -0.09902099519968, 1, },
		{ 0.97750854492188, 0, 0.21089552342892, 0, 0, 1, 0, 0, -0.21089552342892, 0, 0.97750854492188, 0, -0.16379028558731, 0, -0.099017180502415, 1, },
		{ 0.97702646255493, 0, 0.21311786770821, 0, 0, 1, 0, 0, -0.21311786770821, 0, 0.97702646255493, 0, -0.16509887576103, 0, -0.099013514816761, 1, },
		{ 0.97672456502914, 0, 0.21449740231037, 0, 0, 1, 0, 0, -0.21449740231037, 0, 0.97672456502914, 0, -0.16640777885914, 0, -0.099009700119495, 1, },
		{ 0.97645735740662, 0, 0.21571020781994, 0, 0, 1, 0, 0, -0.21571020781994, 0, 0.97645735740662, 0, -0.16771666705608, 0, -0.09900588542223, 1, },
		{ 0.97611218690872, 0, 0.2172669172287, 0, 0, 1, 0, 0, -0.2172669172287, 0, 0.97611218690872, 0, -0.16902527213097, 0, -0.099002227187157, 1, },
		{ 0.97572040557861, 0, 0.21901987493038, 0, 0, 1, 0, 0, -0.21901987493038, 0, 0.97572040557861, 0, -0.17033386230469, 0, -0.098998412489891, 1, },
		{ 0.97535139322281, 0, 0.22065743803978, 0, 0, 1, 0, 0, -0.22065743803978, 0, 0.97535139322281, 0, -0.17164275050163, 0, -0.098994597792625, 1, },
		{ 0.97507667541504, 0, 0.2218681126833, 0, 0, 1, 0, 0, -0.2218681126833, 0, 0.97507667541504, 0, -0.17074157297611, 0, -0.098990932106972, 1, },
		{ 0.97496902942657, 0, 0.2223406881094, 0, 0, 1, 0, 0, -0.2223406881094, 0, 0.97496902942657, 0, -0.16984039545059, 0, -0.098987117409706, 1, },
		{ 0.97508978843689, 0, 0.22181040048599, 0, 0, 1, 0, 0, -0.22181040048599, 0, 0.97508978843689, 0, -0.16713714599609, 0, -0.098975829780102, 1, },
		{ 0.97525483369827, 0, 0.22108359634876, 0, 0, 1, 0, 0, -0.22108359634876, 0, 0.97525483369827, 0, -0.16623595356941, 0, -0.098972164094448, 1, },
		{ 0.97552573680878, 0, 0.21988500654697, 0, 0, 1, 0, 0, -0.21988500654697, 0, 0.97552573680878, 0, -0.16533507406712, 0, -0.098968349397182, 1, },
		{ 0.97622376680374, 0, 0.21676516532898, 0, 0, 1, 0, 0, -0.21676516532898, 0, 0.97622376680374, 0, -0.1644338965416, 0, -0.098964534699917, 1, },
		{ 0.97747033834457, 0, 0.21107250452042, 0, 0, 1, 0, 0, -0.21107250452042, 0, 0.97747033834457, 0, -0.16353270411491, 0, -0.098960876464844, 1, },
		{ 0.97899448871613, 0, 0.20388662815094, 0, 0, 1, 0, 0, -0.20388662815094, 0, 0.97899448871613, 0, -0.15773558616638, 0, -0.098957061767578, 1, },
		{ 0.98054540157318, 0, 0.19629201292992, 0, 0, 1, 0, 0, -0.19629201292992, 0, 0.98054540157318, 0, -0.15193846821785, 0, -0.098953247070313, 1, },
		{ 0.9819039106369, 0, 0.18937981128693, 0, 0, 1, 0, 0, -0.18937981128693, 0, 0.9819039106369, 0, -0.14625976979733, 0, -0.098949581384659, 1, },
		{ 0.98292416334152, 0, 0.18401072919369, 0, 0, 1, 0, 0, -0.18401072919369, 0, 0.98292416334152, 0, -0.14058135449886, 0, -0.098945766687393, 1, },
		{ 0.98364770412445, 0, 0.18010291457176, 0, 0, 1, 0, 0, -0.18010291457176, 0, 0.98364770412445, 0, -0.13595427572727, 0, -0.1043292209506, 1, },
		{ 0.9841502904892, 0, 0.1773364841938, 0, 0, 1, 0, 0, -0.1773364841938, 0, 0.9841502904892, 0, -0.13132721185684, 0, -0.11206039041281, 1, },
		{ 0.98449903726578, 0, 0.17538987100124, 0, 0, 1, 0, 0, -0.17538987100124, 0, 0.98449903726578, 0, -0.12721465528011, 0, -0.12112365663052, 1, },
		{ 0.98475617170334, 0, 0.17394044995308, 0, 0, 1, 0, 0, -0.17394044995308, 0, 0.98475617170334, 0, -0.12310210615396, 0, -0.1305036097765, 1, },
		{ 0.98499011993408, 0, 0.17261075973511, 0, 0, 1, 0, 0, -0.17261075973511, 0, 0.98499011993408, 0, -0.11876647919416, 0, -0.13931068778038, 1, },
		{ 0.98530501127243, 0, 0.17080397903919, 0, 0, 1, 0, 0, -0.17080397903919, 0, 0.98530501127243, 0, -0.11443053930998, 0, -0.14716094732285, 1, },
		{ 0.98580950498581, 0, 0.16786801815033, 0, 0, 1, 0, 0, -0.16786801815033, 0, 0.98580950498581, 0, -0.10858703404665, 0, -0.15379638969898, 1, },
		{ 0.9866014122963, 0, 0.16314916312695, 0, 0, 1, 0, 0, -0.16314916312695, 0, 0.9866014122963, 0, -0.10274383425713, 0, -0.15895919501781, 1, },
		{ 0.98775857686996, 0, 0.15599031746387, 0, 0, 1, 0, 0, -0.15599031746387, 0, 0.98775857686996, 0, -0.09488158673048, 0, -0.16239134967327, 1, },
		{ 0.98929619789124, 0, 0.14592127501965, 0, 0, 1, 0, 0, -0.14592127501965, 0, 0.98929619789124, 0, -0.085298158228397, 0, -0.16401229798794, 1, },
		{ 0.9910843372345, 0, 0.13323581218719, 0, 0, 1, 0, 0, -0.13323581218719, 0, 0.9910843372345, 0, -0.074132077395916, 0, -0.16563315689564, 1, },
		{ 0.99296337366104, 0, 0.11842147260904, 0, 0, 1, 0, 0, -0.11842147260904, 0, 0.99296337366104, 0, -0.061619263142347, 0, -0.16539168357849, 1, },
		{ 0.9947874546051, 0, 0.10196997225285, 0, 0, 1, 0, 0, -0.10196997225285, 0, 0.9947874546051, 0, -0.047996215522289, 0, -0.16515029966831, 1, },
		{ 0.9964337348938, 0, 0.084378145635128, 0, 0, 1, 0, 0, -0.084378145635128, 0, 0.9964337348938, 0, -0.033499754965305, 0, -0.16490882635117, 1, },
		{ 0.99781787395477, 0, 0.066025353968143, 0, 0, 1, 0, 0, -0.066025353968143, 0, 0.99781787395477, 0, -0.018352050334215, 0, -0.16466735303402, 1, },
		{ 0.99890398979187, 0, 0.04680435359478, 0, 0, 1, 0, 0, -0.04680435359478, 0, 0.99890398979187, 0, -0.0027194214053452, 0, -0.16442595422268, 1, },
		{ 0.99964916706085, 0, 0.026486344635487, 0, 0, 1, 0, 0, -0.026486344635487, 0, 0.99964916706085, 0, 0.013246154412627, 0, -0.16418449580669, 1, },
		{ 0.99998825788498, 0, 0.0048440932296216, 0, 0, 1, 0, 0, -0.0048440932296216, 0, 0.99998825788498, 0, 0.029392698779702, 0, -0.16097518801689, 1, },
		{ 0.99983167648315, 0, -0.018346725031734, 0, 0, 1, 0, 0, 0.018346725031734, 0, 0.99983167648315, 0, 0.04556792974472, 0, -0.15568420290947, 1, },
		{ 0.99906754493713, 0, -0.043172940611839, 0, 0, 1, 0, 0, 0.043172940611839, 0, 0.99906754493713, 0, 0.061665952205658, 0, -0.14611655473709, 1, },
		{ 0.99760389328003, 0, -0.069184340536594, 0, 0, 1, 0, 0, 0.069184340536594, 0, 0.99760389328003, 0, 0.077767945826054, 0, -0.13168007135391, 1, },
		{ 0.99540108442307, 0, -0.095795296132565, 0, 0, 1, 0, 0, 0.095795296132565, 0, 0.99540108442307, 0, 0.093999020755291, 0, -0.11425842344761, 1, },
		{ 0.99247813224792, 0, -0.12242168933153, 0, 0, 1, 0, 0, 0.12242168933153, 0, 0.99247813224792, 0, 0.11048583686352, 0, -0.095735169947147, 1, },
		{ 0.98891460895538, 0, -0.14848482608795, 0, 0, 1, 0, 0, 0.14848482608795, 0, 0.98891460895538, 0, 0.12735503911972, 0, -0.077993921935558, 1, },
		{ 0.98485380411148, 0, -0.17338667809963, 0, 0, 1, 0, 0, 0.17338667809963, 0, 0.98485380411148, 0, 0.14457030594349, 0, -0.062567748129368, 1, },
		{ 0.98051798343658, 0, -0.19642905890942, 0, 0, 1, 0, 0, 0.19642905890942, 0, 0.98051798343658, 0, 0.16144469380379, 0, -0.049586791545153, 1, },
		{ 0.97619342803955, 0, -0.21690174937248, 0, 0, 1, 0, 0, 0.21690174937248, 0, 0.97619342803955, 0, 0.17712737619877, 0, -0.038830567151308, 1, },
		{ 0.97220987081528, 0, -0.23411074280739, 0, 0, 1, 0, 0, 0.23411074280739, 0, 0.97220987081528, 0, 0.19076934456825, 0, -0.030078887939453, 1, },
		{ 0.96892005205154, 0, -0.24737383425236, 0, 0, 1, 0, 0, 0.24737383425236, 0, 0.96892005205154, 0, 0.201520383358, 0, -0.023111114278436, 1, },
		{ 0.96659445762634, 0, -0.25631067156792, 0, 0, 1, 0, 0, 0.25631067156792, 0, 0.96659445762634, 0, 0.20736785233021, 0, -0.017711333930492, 1, },
		{ 0.96514439582825, 0, -0.26171770691872, 0, 0, 1, 0, 0, 0.26171770691872, 0, 0.96514439582825, 0, 0.21321532130241, 0, -0.013681792654097, 1, },
		{ 0.96433854103088, 0, -0.2646718621254, 0, 0, 1, 0, 0, 0.2646718621254, 0, 0.96433854103088, 0, 0.21463988721371, 0, -0.010829467326403, 1, },
		{ 0.9639065861702, 0, -0.26624065637589, 0, 0, 1, 0, 0, 0.26624065637589, 0, 0.9639065861702, 0, 0.21606414020061, 0, -0.0093560786917806, 1, },
		{ 0.96356159448624, 0, -0.26748660206795, 0, 0, 1, 0, 0, 0.26748660206795, 0, 0.96356159448624, 0, 0.21748839318752, 0, -0.0078826900571585, 1, },
		{ 0.96307730674744, 0, -0.26922503113747, 0, 0, 1, 0, 0, 0.26922503113747, 0, 0.96307730674744, 0, 0.21891295909882, 0, -0.0069924923591316, 1, },
		{ 0.96249759197235, 0, -0.27129027247429, 0, 0, 1, 0, 0, 0.27129027247429, 0, 0.96249759197235, 0, 0.22033752501011, 0, -0.0061022946611047, 1, },
		{ 0.96193671226501, 0, -0.27327209711075, 0, 0, 1, 0, 0, 0.27327209711075, 0, 0.96193671226501, 0, 0.22176177799702, 0, -0.0052120969630778, 1, },
		{ 0.96151250600815, 0, -0.27476096153259, 0, 0, 1, 0, 0, 0.27476096153259, 0, 0.96151250600815, 0, 0.22066894173622, 0, -0.0043218992650509, 1, },
		{ 0.96134459972382, 0, -0.2753481566906, 0, 0, 1, 0, 0, 0.2753481566906, 0, 0.96134459972382, 0, 0.21957610547543, 0, -0.001163940411061, 1, },
		{ 0.96138876676559, 0, -0.27519389986992, 0, 0, 1, 0, 0, 0.27519389986992, 0, 0.96138876676559, 0, 0.21848326921463, 0, 0.0036395261995494, 1, },
		{ 0.96143287420273, 0, -0.27503967285156, 0, 0, 1, 0, 0, 0.27503967285156, 0, 0.96143287420273, 0, 0.21739043295383, 0, 0.0092666624113917, 1, },
		{ 0.96147692203522, 0, -0.27488538622856, 0, 0, 1, 0, 0, 0.27488538622856, 0, 0.96147692203522, 0, 0.21629759669304, 0, 0.014631042256951, 1, },
		{ 0.961521089077, 0, -0.27473115921021, 0, 0, 1, 0, 0, 0.27473115921021, 0, 0.961521089077, 0, 0.2152047753334, 0, 0.018646392971277, 1, },
		{ 0.96168881654739, 0, -0.27414309978485, 0, 0, 1, 0, 0, 0.27414309978485, 0, 0.96168881654739, 0, 0.21411193907261, 0, 0.018325041979551, 1, },
		{ 0.96219217777252, 0, -0.27237114310265, 0, 0, 1, 0, 0, 0.27237114310265, 0, 0.96219217777252, 0, 0.21301910281181, 0, 0.018003692850471, 1, },
		{ 0.96324157714844, 0, -0.26863649487495, 0, 0, 1, 0, 0, 0.26863649487495, 0, 0.96324157714844, 0, 0.21192626655102, 0, 0.012689361348748, 1, },
		{ 0.96475750207901, 0, -0.26314049959183, 0, 0, 1, 0, 0, 0.26314049959183, 0, 0.96475750207901, 0, 0.21083343029022, 0, 0.0063124084845185, 1, },
		{ 0.9666548371315, 0, -0.25608283281326, 0, 0, 1, 0, 0, 0.25608283281326, 0, 0.9666548371315, 0, 0.20974059402943, 0, 0.00090270995860919, 1, },
		{ 0.96884620189667, 0, -0.24766314029694, 0, 0, 1, 0, 0, 0.24766314029694, 0, 0.96884620189667, 0, 0.20208403468132, 0, 0.00043426512274891, 1, },
		{ 0.97125208377838, 0, -0.23805303871632, 0, 0, 1, 0, 0, 0.23805303871632, 0, 0.97125208377838, 0, 0.1937255859375, 0, -3.4179687645519e-05, 1, },
		{ 0.97382265329361, 0, -0.22730910778046, 0, 0, 1, 0, 0, 0.22730910778046, 0, 0.97382265329361, 0, 0.18470214307308, 0, -0.00050262449076399, 1, },
		{ 0.97651278972626, 0, -0.21545952558517, 0, 0, 1, 0, 0, 0.21545952558517, 0, 0.97651278972626, 0, 0.17497558891773, 0, -0.00097106932662427, 1, },
		{ 0.9792754650116, 0, -0.20253282785416, 0, 0, 1, 0, 0, 0.20253282785416, 0, 0.9792754650116, 0, 0.16451171040535, 0, -0.0014395141042769, 1, },
		{ 0.98206198215485, 0, -0.18855828046799, 0, 0, 1, 0, 0, 0.18855828046799, 0, 0.98206198215485, 0, 0.15327331423759, 0, -0.0019079589983448, 1, },
		{ 0.98481178283691, 0, -0.17362542450428, 0, 0, 1, 0, 0, 0.17362542450428, 0, 0.98481178283691, 0, 0.14128020405769, 0, -0.0017807006370276, 1, },
		{ 0.98742872476578, 0, -0.15806478261948, 0, 0, 1, 0, 0, 0.15806478261948, 0, 0.98742872476578, 0, 0.12877075374126, 0, -0.0016535948961973, 1, },
		{ 0.98982781171799, 0, -0.14227065443993, 0, 0, 1, 0, 0, 0.14227065443993, 0, 0.98982781171799, 0, 0.11603820323944, 0, -0.0015263366512954, 1, },
		{ 0.99194848537445, 0, -0.12664176523685, 0, 0, 1, 0, 0, 0.12664176523685, 0, 0.99194848537445, 0, 0.10337493568659, 0, -0.0013992309104651, 1, },
		{ 0.99375545978546, 0, -0.11158011853695, 0, 0, 1, 0, 0, 0.11158011853695, 0, 0.99375545978546, 0, 0.091074824333191, 0, -0.0012719726655632, 1, },
		{ 0.99524736404419, 0, -0.097379006445408, 0, 0, 1, 0, 0, 0.097379006445408, 0, 0.99524736404419, 0, 0.079356379806995, 0, -0.001144714304246, 1, },
		{ 0.99647510051727, 0, -0.083888359367847, 0, 0, 1, 0, 0, 0.083888359367847, 0, 0.99647510051727, 0, 0.068140260875225, 0, -0.0010176085634157, 1, },
		{ 0.9974872469902, 0, -0.070845067501068, 0, 0, 1, 0, 0, 0.070845067501068, 0, 0.9974872469902, 0, 0.057273864746094, 0, -0.00089035031851381, 1, },
		{ 0.99831748008728, 0, -0.057984363287687, 0, 0, 1, 0, 0, 0.057984363287687, 0, 0.99831748008728, 0, 0.046604003757238, 0, -0.00076324463589117, 1, },
		{ 0.99898511171341, 0, -0.045040164142847, 0, 0, 1, 0, 0, 0.045040164142847, 0, 0.99898511171341, 0, 0.035977780818939, 0, -0.00063598633278161, 1, },
		{ 0.99948823451996, 0, -0.031987808644772, 0, 0, 1, 0, 0, 0.031987808644772, 0, 0.99948823451996, 0, 0.025416258722544, 0, -0.00050872802967206, 1, },
		{ 0.99980449676514, 0, -0.019771195948124, 0, 0, 1, 0, 0, 0.019771195948124, 0, 0.99980449676514, 0, 0.015641173347831, 0, -0.00038162231794558, 1, },
		{ 0.99995416402817, 0, -0.0095770843327045, 0, 0, 1, 0, 0, 0.0095770843327045, 0, 0.99995416402817, 0, 0.0075494381599128, 0, -0.00025436401483603, 1, },
		{ 0.99999660253525, 0, -0.0025916704908013, 0, 0, 1, 0, 0, 0.0025916704908013, 0, 0.99999660253525, 0, 0.0037747190799564, 0, -0.00012725830310956, 1, },
		{ 1, 0, 0, 0, 0, 1, 0, 0, 0, 0, 1, 0, 0, 0, 0, 1, },
	},
}
end
