function data()
return {
	times = { 0, 41.667, 83.333, 125, 166.667, 208.333, 250, 291.667, 333.333, 375, 416.667, 458.333, 500, 541.667, 583.333, 625, 666.667, 708.333, 750, 791.667, 833.333, 875, 916.667, 958.333, 1000, 1041.667, 1083.333, 1125, 1166.667, 1208.333, 1250, 1291.667, 1333.333, 1375, 1416.667, 1458.333, 1500, 1541.667, 1583.333, 1625, 1666.667, 1708.333, 1750, 1791.667, 1833.333, 1875, 1916.667, 1958.333, 2000, 2041.667, 2083.333, 2125, 2166.667, 2208.333, 2250, 2291.667, 2333.333, 2375, 2416.667, 2458.333, 2500, 2541.667, 2583.333, 2625, 2666.667, 2708.333, 2750, 2791.667, 2833.333, 2875, 2916.667, 2958.333, 3000, 3041.667, 3083.333, 3125, 3166.667, 3208.333, 3250, 3291.667, 3333.333, 3375, 3416.667, 3458.333, 3500, 3541.667, 3583.333, 3625, 3666.667, 3708.333, 3750, 3791.667, 3833.333, 3875, 3916.667, 3958.333, 4000, 4041.667, 4083.333, 4125, 4166.667, },
	transfs = {
		{ 1, 0, 0, 0, 0, 1, 0, 0, 0, 0, 1, 0, 0, 0, 0, 1, },
		{ 0.99999809265137, 0, -0.0019608756992966, 0, 0, 1, 0, 0, 0.0019608756992966, 0, 0.99999809265137, 0, 0, 0, 0, 1, },
		{ 0.99997305870056, 0, -0.0073417569510639, 0, 0, 1, 0, 0, 0.0073417569510639, 0, 0.99997305870056, 0, 0, 0, 0, 1, },
		{ 0.99988150596619, 0, -0.015389702282846, 0, 0, 1, 0, 0, 0.015389702282846, 0, 0.99988150596619, 0, 0, 0, 0, 1, },
		{ 0.99967855215073, 0, -0.025351086631417, 0, 0, 1, 0, 0, 0.025351086631417, 0, 0.99967855215073, 0, 0, 0, 0, 1, },
		{ 0.99933463335037, 0, -0.03647168725729, 0, 0, 1, 0, 0, 0.03647168725729, 0, 0.99933463335037, 0, 0, 0, 0, 1, },
		{ 0.99883925914764, 0, -0.048168145120144, 0, 0, 1, 0, 0, 0.048168145120144, 0, 0.99883925914764, 0, 0, 0, 0, 1, },
		{ 0.99816572666168, 0, -0.060540739446878, 0, 0, 1, 0, 0, 0.060540739446878, 0, 0.99816572666168, 0, 0, 0, 0, 1, },
		{ 0.99726867675781, 0, -0.073859445750713, 0, 0, 1, 0, 0, 0.073859445750713, 0, 0.99726867675781, 0, 0, 0, 0, 1, },
		{ 0.99608570337296, 0, -0.088392235338688, 0, 0, 1, 0, 0, 0.088392235338688, 0, 0.99608570337296, 0, 0, 0, 0, 1, },
		{ 0.99453496932983, 0, -0.10440422594547, 0, 0, 1, 0, 0, 0.10440422594547, 0, 0.99453496932983, 0, 0, 0, 0, 1, },
		{ 0.99252212047577, 0, -0.12206489592791, 0, 0, 1, 0, 0, 0.12206489592791, 0, 0.99252212047577, 0, 0, 0, 0, 1, },
		{ 0.98998463153839, 0, -0.14117529988289, 0, 0, 1, 0, 0, 0.14117529988289, 0, 0.98998463153839, 0, 0, 0, 0, 1, },
		{ 0.98688191175461, 0, -0.16144356131554, 0, 0, 1, 0, 0, 0.16144356131554, 0, 0.98688191175461, 0, 0, 0, 0, 1, },
		{ 0.98319149017334, 0, -0.18257729709148, 0, 0, 1, 0, 0, 0.18257729709148, 0, 0.98319149017334, 0, 0, 0, 0, 1, },
		{ 0.97891139984131, 0, -0.20428536832333, 0, 0, 1, 0, 0, 0.20428536832333, 0, 0.97891139984131, 0, 0, 0, 0, 1, },
		{ 0.97404491901398, 0, -0.22635447978973, 0, 0, 1, 0, 0, 0.22635447978973, 0, 0.97404491901398, 0, 0, 0, 0, 1, },
		{ 0.96853572130203, 0, -0.24887451529503, 0, 0, 1, 0, 0, 0.24887451529503, 0, 0.96853572130203, 0, 0, 0, 0, 1, },
		{ 0.96229547262192, 0, -0.27200612425804, 0, 0, 1, 0, 0, 0.27200612425804, 0, 0.96229547262192, 0, 0, 0, 0, 1, },
		{ 0.95521807670593, 0, -0.29590252041817, 0, 0, 1, 0, 0, 0.29590252041817, 0, 0.95521807670593, 0, 0, 0, 0, 1, },
		{ 0.94717812538147, 0, -0.32070773839951, 0, 0, 1, 0, 0, 0.32070773839951, 0, 0.94717812538147, 0, 0, 0, 0, 1, },
		{ 0.93806159496307, 0, -0.34646841883659, 0, 0, 1, 0, 0, 0.34646841883659, 0, 0.93806159496307, 0, 0, 0, 0, 1, },
		{ 0.92788010835648, 0, -0.37287870049477, 0, 0, 1, 0, 0, 0.37287870049477, 0, 0.92788010835648, 0, 0, 0, 0, 1, },
		{ 0.91670966148376, 0, -0.39955392479897, 0, 0, 1, 0, 0, 0.39955392479897, 0, 0.91670966148376, 0, 0, 0, 0, 1, },
		{ 0.9046658873558, 0, -0.42612165212631, 0, 0, 1, 0, 0, 0.42612165212631, 0, 0.9046658873558, 0, 0, 0, 0, 1, },
		{ 0.89190340042114, 0, -0.45222583413124, 0, 0, 1, 0, 0, 0.45222583413124, 0, 0.89190340042114, 0, 0, 0, 0, 1, },
		{ 0.87857925891876, 0, -0.47759646177292, 0, 0, 1, 0, 0, 0.47759646177292, 0, 0.87857925891876, 0, 0, 0, 0, 1, },
		{ 0.86472368240356, 0, -0.50224792957306, 0, 0, 1, 0, 0, 0.50224792957306, 0, 0.86472368240356, 0, 0, 0, 0, 1, },
		{ 0.85032349824905, 0, -0.52626037597656, 0, 0, 1, 0, 0, 0.52626037597656, 0, 0.85032349824905, 0, 0, 0, 0, 1, },
		{ 0.83535546064377, 0, -0.5497100353241, 0, 0, 1, 0, 0, 0.5497100353241, 0, 0.83535546064377, 0, 0, 0, 0, 1, },
		{ 0.81978738307953, 0, -0.57266789674759, 0, 0, 1, 0, 0, 0.57266789674759, 0, 0.81978738307953, 0, 0, 0, 0, 1, },
		{ 0.80359923839569, 0, -0.59517079591751, 0, 0, 1, 0, 0, 0.59517079591751, 0, 0.80359923839569, 0, 0, 0, 0, 1, },
		{ 0.78685629367828, 0, -0.61713624000549, 0, 0, 1, 0, 0, 0.61713624000549, 0, 0.78685629367828, 0, 0, 0, 0, 1, },
		{ 0.76965487003326, 0, -0.63846009969711, 0, 0, 1, 0, 0, 0.63846009969711, 0, 0.76965487003326, 0, 0, 0, 0, 1, },
		{ 0.75210130214691, 0, -0.65904754400253, 0, 0, 1, 0, 0, 0.65904754400253, 0, 0.75210130214691, 0, 0, 0, 0, 1, },
		{ 0.73431122303009, 0, -0.67881292104721, 0, 0, 1, 0, 0, 0.67881292104721, 0, 0.73431122303009, 0, 0, 0, 0, 1, },
		{ 0.7164421081543, 0, -0.69764649868011, 0, 0, 1, 0, 0, 0.69764649868011, 0, 0.7164421081543, 0, 0, 0, 0, 1, },
		{ 0.69880026578903, 0, -0.71531671285629, 0, 0, 1, 0, 0, 0.71531671285629, 0, 0.69880026578903, 0, 0, 0, 0, 1, },
		{ 0.681749522686, 0, -0.73158568143845, 0, 0, 1, 0, 0, 0.73158568143845, 0, 0.681749522686, 0, 0, 0, 0, 1, },
		{ 0.66567349433899, 0, -0.74624311923981, 0, 0, 1, 0, 0, 0.74624311923981, 0, 0.66567349433899, 0, 0, 0, 0, 1, },
		{ 0.65097093582153, 0, -0.75910252332687, 0, 0, 1, 0, 0, 0.75910252332687, 0, 0.65097093582153, 0, 0, 0, 0, 1, },
		{ 0.63804924488068, 0, -0.7699955701828, 0, 0, 1, 0, 0, 0.7699955701828, 0, 0.63804924488068, 0, 0, 0, 0, 1, },
		{ 0.627317070961, 0, -0.77876394987106, 0, 0, 1, 0, 0, 0.77876394987106, 0, 0.627317070961, 0, 0, 0, 0, 1, },
		{ 0.61917901039124, 0, -0.7852498292923, 0, 0, 1, 0, 0, 0.7852498292923, 0, 0.61917901039124, 0, 0, 0, 0, 1, },
		{ 0.61402660608292, 0, -0.78928524255753, 0, 0, 1, 0, 0, 0.78928524255753, 0, 0.61402660608292, 0, 0, 0, 0, 1, },
		{ 0.61223149299622, 0, -0.79067850112915, 0, 0, 1, 0, 0, 0.79067850112915, 0, 0.61223149299622, 0, 0, 0, 0, 1, },
		{ 0.61320775747299, 0, -0.78992164134979, 0, 0, 1, 0, 0, 0.78992164134979, 0, 0.61320775747299, 0, 0, 0, 0, 1, },
		{ 0.61582720279694, 0, -0.7878811955452, 0, 0, 1, 0, 0, 0.7878811955452, 0, 0.61582720279694, 0, 0, 0, 0, 1, },
		{ 0.61962276697159, 0, -0.78489977121353, 0, 0, 1, 0, 0, 0.78489977121353, 0, 0.61962276697159, 0, 0, 0, 0, 1, },
		{ 0.62412881851196, 0, -0.78132140636444, 0, 0, 1, 0, 0, 0.78132140636444, 0, 0.62412881851196, 0, 0, 0, 0, 1, },
		{ 0.62888550758362, 0, -0.77749794721603, 0, 0, 1, 0, 0, 0.77749794721603, 0, 0.62888550758362, 0, 0, 0, 0, 1, },
		{ 0.63370531797409, 0, -0.77357453107834, 0, 0, 1, 0, 0, 0.77357453107834, 0, 0.63370531797409, 0, 0, 0, 0, 1, },
		{ 0.63945680856705, 0, -0.76882702112198, 0, 0, 1, 0, 0, 0.76882702112198, 0, 0.63945680856705, 0, 0, 0, 0, 1, },
		{ 0.64724582433701, 0, -0.76228129863739, 0, 0, 1, 0, 0, 0.76228129863739, 0, 0.64724582433701, 0, 0, 0, 0, 1, },
		{ 0.65812772512436, 0, -0.75290632247925, 0, 0, 1, 0, 0, 0.75290632247925, 0, 0.65812772512436, 0, 0, 0, 0, 1, },
		{ 0.67307233810425, 0, -0.7395766377449, 0, 0, 1, 0, 0, 0.7395766377449, 0, 0.67307233810425, 0, 0, 0, 0, 1, },
		{ 0.69244062900543, 0, -0.72147482633591, 0, 0, 1, 0, 0, 0.72147482633591, 0, 0.69244062900543, 0, 0, 0, 0, 1, },
		{ 0.71462136507034, 0, -0.69951146841049, 0, 0, 1, 0, 0, 0.69951146841049, 0, 0.71462136507034, 0, 0, 0, 0, 1, },
		{ 0.7376429438591, 0, -0.67519104480743, 0, 0, 1, 0, 0, 0.67519104480743, 0, 0.7376429438591, 0, 0, 0, 0, 1, },
		{ 0.75973516702652, 0, -0.65023249387741, 0, 0, 1, 0, 0, 0.65023249387741, 0, 0.75973516702652, 0, 0, 0, 0, 1, },
		{ 0.77936488389969, 0, -0.62657028436661, 0, 0, 1, 0, 0, 0.62657028436661, 0, 0.77936488389969, 0, 0, 0, 0, 1, },
		{ 0.79562151432037, 0, -0.60579401254654, 0, 0, 1, 0, 0, 0.60579401254654, 0, 0.79562151432037, 0, 0, 0, 0, 1, },
		{ 0.80925810337067, 0, -0.58745318651199, 0, 0, 1, 0, 0, 0.58745318651199, 0, 0.80925810337067, 0, 0, 0, 0, 1, },
		{ 0.82131373882294, 0, -0.570476770401, 0, 0, 1, 0, 0, 0.570476770401, 0, 0.82131373882294, 0, 0, 0, 0, 1, },
		{ 0.83271378278732, 0, -0.55370372533798, 0, 0, 1, 0, 0, 0.55370372533798, 0, 0.83271378278732, 0, 0, 0, 0, 1, },
		{ 0.84428161382675, 0, -0.53589969873428, 0, 0, 1, 0, 0, 0.53589969873428, 0, 0.84428161382675, 0, 0, 0, 0, 1, },
		{ 0.8565502166748, 0, -0.51606357097626, 0, 0, 1, 0, 0, 0.51606357097626, 0, 0.8565502166748, 0, 0, 0, 0, 1, },
		{ 0.86925691366196, 0, -0.49436050653458, 0, 0, 1, 0, 0, 0.49436050653458, 0, 0.86925691366196, 0, 0, 0, 0, 1, },
		{ 0.88198363780975, 0, -0.47128000855446, 0, 0, 1, 0, 0, 0.47128000855446, 0, 0.88198363780975, 0, 0, 0, 0, 1, },
		{ 0.89436137676239, 0, -0.44734513759613, 0, 0, 1, 0, 0, 0.44734513759613, 0, 0.89436137676239, 0, 0, 0, 0, 1, },
		{ 0.90607738494873, 0, -0.42311191558838, 0, 0, 1, 0, 0, 0.42311191558838, 0, 0.90607738494873, 0, 0, 0, 0, 1, },
		{ 0.91691893339157, 0, -0.39907348155975, 0, 0, 1, 0, 0, 0.39907348155975, 0, 0.91691893339157, 0, 0, 0, 0, 1, },
		{ 0.92687410116196, 0, -0.37537232041359, 0, 0, 1, 0, 0, 0.37537232041359, 0, 0.92687410116196, 0, 0, 0, 0, 1, },
		{ 0.93597769737244, 0, -0.35205921530724, 0, 0, 1, 0, 0, 0.35205921530724, 0, 0.93597769737244, 0, 0, 0, 0, 1, },
		{ 0.94426625967026, 0, -0.32918262481689, 0, 0, 1, 0, 0, 0.32918262481689, 0, 0.94426625967026, 0, 0, 0, 0, 1, },
		{ 0.9517776966095, 0, -0.30678856372833, 0, 0, 1, 0, 0, 0.30678856372833, 0, 0.9517776966095, 0, 0, 0, 0, 1, },
		{ 0.9585508108139, 0, -0.28492143750191, 0, 0, 1, 0, 0, 0.28492143750191, 0, 0.9585508108139, 0, 0, 0, 0, 1, },
		{ 0.96462571620941, 0, -0.26362293958664, 0, 0, 1, 0, 0, 0.26362293958664, 0, 0.96462571620941, 0, 0, 0, 0, 1, },
		{ 0.97004306316376, 0, -0.24293288588524, 0, 0, 1, 0, 0, 0.24293288588524, 0, 0.97004306316376, 0, 0, 0, 0, 1, },
		{ 0.97484385967255, 0, -0.22288884222507, 0, 0, 1, 0, 0, 0.22288884222507, 0, 0.97484385967255, 0, 0, 0, 0, 1, },
		{ 0.97906941175461, 0, -0.20352630317211, 0, 0, 1, 0, 0, 0.20352630317211, 0, 0.97906941175461, 0, 0, 0, 0, 1, },
		{ 0.98276126384735, 0, -0.18487894535065, 0, 0, 1, 0, 0, 0.18487894535065, 0, 0.98276126384735, 0, 0, 0, 0, 1, },
		{ 0.98596048355103, 0, -0.16697844862938, 0, 0, 1, 0, 0, 0.16697844862938, 0, 0.98596048355103, 0, 0, 0, 0, 1, },
		{ 0.98870795965195, 0, -0.14985466003418, 0, 0, 1, 0, 0, 0.14985466003418, 0, 0.98870795965195, 0, 0, 0, 0, 1, },
		{ 0.99104398488998, 0, -0.13353565335274, 0, 0, 1, 0, 0, 0.13353565335274, 0, 0.99104398488998, 0, 0, 0, 0, 1, },
		{ 0.99300789833069, 0, -0.11804801225662, 0, 0, 1, 0, 0, 0.11804801225662, 0, 0.99300789833069, 0, 0, 0, 0, 1, },
		{ 0.9946380853653, 0, -0.10341677069664, 0, 0, 1, 0, 0, 0.10341677069664, 0, 0.9946380853653, 0, 0, 0, 0, 1, },
		{ 0.99597191810608, 0, -0.089665643870831, 0, 0, 1, 0, 0, 0.089665643870831, 0, 0.99597191810608, 0, 0, 0, 0, 1, },
		{ 0.9970451593399, 0, -0.076816953718662, 0, 0, 1, 0, 0, 0.076816953718662, 0, 0.9970451593399, 0, 0, 0, 0, 1, },
		{ 0.9978923201561, 0, -0.064892008900642, 0, 0, 1, 0, 0, 0.064892008900642, 0, 0.9978923201561, 0, 0, 0, 0, 1, },
		{ 0.99854570627213, 0, -0.053911078721285, 0, 0, 1, 0, 0, 0.053911078721285, 0, 0.99854570627213, 0, 0, 0, 0, 1, },
		{ 0.99903613328934, 0, -0.043893545866013, 0, 0, 1, 0, 0, 0.043893545866013, 0, 0.99903613328934, 0, 0, 0, 0, 1, },
		{ 0.99939227104187, 0, -0.03485805913806, 0, 0, 1, 0, 0, 0.03485805913806, 0, 0.99939227104187, 0, 0, 0, 0, 1, },
		{ 0.99964022636414, 0, -0.026822587475181, 0, 0, 1, 0, 0, 0.026822587475181, 0, 0.99964022636414, 0, 0, 0, 0, 1, },
		{ 0.99980384111404, 0, -0.019804570823908, 0, 0, 1, 0, 0, 0.019804570823908, 0, 0.99980384111404, 0, 0, 0, 0, 1, },
		{ 0.99990451335907, 0, -0.013821075670421, 0, 0, 1, 0, 0, 0.013821075670421, 0, 0.99990451335907, 0, 0, 0, 0, 1, },
		{ 0.99996048212051, 0, -0.0088888136669993, 0, 0, 1, 0, 0, 0.0088888136669993, 0, 0.99996048212051, 0, 0, 0, 0, 1, },
		{ 0.99998730421066, 0, -0.0050242822617292, 0, 0, 1, 0, 0, 0.0050242822617292, 0, 0.99998730421066, 0, 0, 0, 0, 1, },
		{ 0.99999743700027, 0, -0.0022438149899244, 0, 0, 1, 0, 0, 0.0022438149899244, 0, 0.99999743700027, 0, 0, 0, 0, 1, },
		{ 0.99999976158142, 0, -0.00056365365162492, 0, 0, 1, 0, 0, 0.00056365365162492, 0, 0.99999976158142, 0, 0, 0, 0, 1, },
		{ 1, 0, 0, 0, 0, 1, 0, 0, 0, 0, 1, 0, 0, 0, 0, 1, },
	},
}
end
